1 -0.095542 0.035251 0.528282
2 -0.050985 0.035423 0.528344
3 -0.050779 -0.018097 0.528344
4 -0.095335 -0.018268 0.528282
5 0.002403 -0.071078 0.046777
6 -0.002932 -0.076749 0.046769
7 0.000849 -0.075079 0.046775
8 -0.025468 -0.033804 0.204951
9 -0.030635 -0.039112 0.204944
10 -0.026972 -0.037549 0.204949
11 -0.009342 -0.067857 0.052152
12 -0.004032 -0.062258 0.052159
13 -0.005579 -0.066209 0.052157
14 -0.015532 -0.059315 0.067949
15 -0.010265 -0.053805 0.067956
16 -0.011799 -0.057693 0.067954
17 -0.0211 -0.051703 0.093084
18 -0.015869 -0.046269 0.093092
19 -0.017393 -0.050103 0.09309
20 -0.025666 -0.045539 0.125845
21 -0.020465 -0.040166 0.125852
22 -0.02198 -0.043957 0.12585
23 -0.028919 -0.041245 0.163999
24 -0.023739 -0.035913 0.164006
25 -0.025248 -0.039674 0.164004
26 -0.101711 -0.039386 0.204845
27 -0.106918 -0.034118 0.204838
28 -0.105384 -0.037851 0.20484
29 -0.128682 -0.077233 0.046594
30 -0.134059 -0.071604 0.046587
31 -0.132475 -0.075593 0.046589
32 -0.108517 -0.036239 0.163888
33 -0.103295 -0.041531 0.163895
34 -0.106979 -0.039989 0.16389
35 -0.111651 -0.040517 0.125725
36 -0.106409 -0.04585 0.125733
37 -0.110108 -0.044297 0.125727
38 -0.116109 -0.046656 0.092952
39 -0.110836 -0.052048 0.092959
40 -0.114556 -0.050478 0.092954
41 -0.121586 -0.054234 0.067801
42 -0.116275 -0.059703 0.067809
43 -0.120021 -0.05811 0.067804
44 -0.127708 -0.062735 0.051987
45 -0.122354 -0.068293 0.051994
46 -0.126131 -0.066673 0.051989
47 -0.107246 0.051011 0.204838
48 -0.102079 0.056319 0.204845
49 -0.105741 0.054756 0.20484
50 -0.134676 0.088287 0.046587
51 -0.129341 0.093957 0.046594
52 -0.133122 0.092288 0.046589
53 -0.103681 0.058452 0.163895
54 -0.108861 0.05312 0.163888
55 -0.107353 0.056882 0.16389
56 -0.106828 0.062747 0.125733
57 -0.112028 0.057374 0.125725
58 -0.110514 0.061165 0.125727
59 -0.111302 0.068911 0.092959
60 -0.116533 0.063477 0.092952
61 -0.11501 0.067311 0.092954
62 -0.1168 0.076524 0.067809
63 -0.122068 0.071013 0.067801
64 -0.120533 0.074901 0.067804
65 -0.122946 0.085066 0.051994
66 -0.128256 0.079466 0.051987
67 -0.126709 0.083417 0.051989
68 -0.031004 0.056593 0.204944
69 -0.025796 0.051325 0.204951
70 -0.027329 0.055058 0.204949
71 -0.003591 0.094442 0.046769
72 0.001786 0.088813 0.046777
73 0.000202 0.092802 0.046775
74 -0.024084 0.053447 0.164006
75 -0.029304 0.058739 0.163999
76 -0.025621 0.057197 0.164004
77 -0.020842 0.057725 0.125852
78 -0.026085 0.063058 0.125845
79 -0.022387 0.061504 0.12585
80 -0.016293 0.063864 0.093092
81 -0.021566 0.069257 0.093084
82 -0.017847 0.067686 0.09309
83 -0.010747 0.071442 0.067956
84 -0.016057 0.076912 0.067949
85 -0.012311 0.075318 0.067954
86 -0.00458 0.079943 0.052159
87 -0.009934 0.085502 0.052152
88 -0.006157 0.083882 0.052157
89 -0.037772 -0.028498 0.496722
90 -0.036942 -0.032222 0.493083
91 -0.037219 -0.031096 0.495656
92 -0.035503 -0.026138 0.496725
93 -0.031779 -0.026923 0.49309
94 -0.032903 -0.026657 0.495662
95 -0.036178 -0.027818 0.496724
96 -0.033283 -0.030662 0.493088
97 -0.034164 -0.029793 0.495661
98 -0.097755 -0.026378 0.496638
99 -0.101463 -0.027191 0.492993
100 -0.100348 -0.026917 0.495569
101 -0.095467 -0.02872 0.496641
102 -0.096259 -0.032451 0.493
103 -0.095998 -0.031322 0.495575
104 -0.097067 -0.028052 0.496639
105 -0.099929 -0.030919 0.492995
106 -0.099062 -0.030043 0.49557
107 -0.095754 0.045701 0.496641
108 -0.096574 0.049426 0.493
109 -0.096305 0.048299 0.495575
110 -0.098024 0.043342 0.496638
111 -0.101738 0.044126 0.492993
112 -0.100621 0.043861 0.495569
113 -0.097348 0.045021 0.496639
114 -0.100233 0.047866 0.492995
115 -0.099359 0.046996 0.49557
116 -0.035771 0.043582 0.496725
117 -0.032054 0.044395 0.49309
118 -0.033176 0.044121 0.495662
119 -0.038059 0.045924 0.496722
120 -0.037258 0.049655 0.493083
121 -0.037526 0.048526 0.495656
122 -0.03646 0.045256 0.496724
123 -0.033587 0.048123 0.493088
124 -0.034461 0.047247 0.495661
125 -0.050943 0.035423 0.498344
126 -0.050737 -0.018097 0.498344
127 -0.095293 -0.018268 0.498282
128 -0.0955 0.035251 0.498282
129 -0.084013 0.001407 0.546658
130 -0.085347 0.00853 0.466656
131 -0.083901 0.001408 0.466658
132 -0.079841 -0.004619 0.466663
133 -0.073783 -0.008632 0.466672
134 -0.06665 -0.010023 0.466682
135 -0.059528 -0.008577 0.466691
136 -0.053501 -0.004517 0.4667
137 -0.049487 0.00154 0.466705
138 -0.048096 0.008674 0.466707
139 -0.049542 0.015796 0.466705
140 -0.053603 0.021823 0.4667
141 -0.05966 0.025836 0.466691
142 -0.066794 0.027227 0.466682
143 -0.073915 0.025781 0.466672
144 -0.079943 0.021721 0.466663
145 -0.083956 0.015664 0.466658
146 -0.085458 0.00853 0.546656
147 -0.079952 -0.004619 0.546663
148 -0.073894 -0.008633 0.546672
149 -0.066762 -0.010023 0.546681
150 -0.059639 -0.008578 0.546691
151 -0.053613 -0.004518 0.5467
152 -0.049598 0.00154 0.546705
153 -0.048207 0.008673 0.546707
154 -0.049653 0.015795 0.546705
155 -0.053714 0.021822 0.5467
156 -0.059772 0.025836 0.546691
157 -0.066905 0.027226 0.546681
158 -0.074027 0.025781 0.546672
159 -0.080054 0.021721 0.546663
160 -0.084068 0.015662 0.546658
161 -0.210686 0.002835 0.032271
162 -0.210688 0.003853 0.031253
163 -0.210698 0.003853 0.038338
164 -0.210693 0.002835 0.037319
165 -0.23557 0.004562 0.031766
166 -0.235567 0.003544 0.032784
167 -0.235573 0.003544 0.036738
168 -0.235578 0.004562 0.037757
169 -0.210721 0.012241 0.031253
170 -0.210726 0.013259 0.032271
171 -0.210733 0.013259 0.037319
172 -0.21073 0.012241 0.038338
173 -0.235601 0.012358 0.032784
174 -0.235596 0.01134 0.031766
175 -0.235604 0.01134 0.037757
176 -0.235607 0.012358 0.036738
177 -0.151404 0.008276 0.64091
178 -0.145814 0.008297 0.646894
179 -0.150671 0.008278 0.643817
180 -0.148624 0.008286 0.646007
181 0.007528 0.008888 0.628349
182 0.001706 0.008866 0.653044
183 0.006607 0.008885 0.650373
184 0.004529 0.008877 0.652391
185 -0.151448 0.027049 0.637177
186 -0.145864 0.029344 0.642709
187 -0.150718 0.028161 0.639862
188 -0.148674 0.029001 0.641887
189 0.007496 0.022396 0.625663
190 0.001652 0.031841 0.648475
191 0.006555 0.030824 0.64601
192 0.004475 0.031594 0.647873
193 -0.15143 0.042964 0.626543
194 -0.145842 0.047186 0.630787
195 -0.150698 0.045017 0.628599
196 -0.148653 0.046562 0.630153
197 0.00751 0.033848 0.618011
198 0.001675 0.051318 0.635461
199 0.006577 0.049422 0.633583
200 0.004498 0.050852 0.635005
201 -0.151351 0.053598 0.610629
202 -0.145754 0.059109 0.612945
203 -0.150614 0.05628 0.611745
204 -0.148566 0.058297 0.612592
205 0.007566 0.041501 0.60656
206 0.001772 0.064332 0.615984
207 0.006669 0.061849 0.614984
208 0.004593 0.063721 0.615747
209 -0.151224 0.057333 0.591856
210 -0.145611 0.063295 0.591899
211 -0.15048 0.060236 0.591863
212 -0.148426 0.062418 0.591878
213 0.007657 0.044188 0.593052
214 0.001926 0.068903 0.593009
215 0.006817 0.066214 0.593047
216 0.004747 0.06824 0.593031
217 -0.151068 0.053599 0.573084
218 -0.145437 0.05911 0.570853
219 -0.150315 0.056281 0.57198
220 -0.148254 0.058298 0.571164
221 0.007769 0.041501 0.579544
222 0.002117 0.064334 0.570036
223 0.006999 0.061851 0.571109
224 0.004935 0.063723 0.570314
225 -0.150908 0.042966 0.55717
226 -0.145257 0.047189 0.553011
227 -0.150145 0.045019 0.555125
228 -0.148076 0.046565 0.553602
229 0.007885 0.03385 0.568093
230 0.002314 0.05132 0.550559
231 0.007187 0.049424 0.55251
232 0.00513 0.050854 0.551057
233 -0.150766 0.027051 0.546536
234 -0.145099 0.029347 0.54109
235 -0.149996 0.028164 0.543862
236 -0.147921 0.029004 0.541869
237 0.007987 0.022398 0.560442
238 0.002487 0.031844 0.537545
239 0.007353 0.030827 0.540084
240 0.005301 0.031597 0.538189
241 -0.150666 0.008278 0.542802
242 -0.144985 0.0083 0.536903
243 -0.149888 0.008281 0.539907
244 -0.14781 0.008289 0.537748
245 0.008059 0.00889 0.557755
246 0.00261 0.008869 0.532976
247 0.00747 0.008888 0.53572
248 0.005423 0.00888 0.53367
249 -0.150621 -0.010495 0.546536
250 -0.144936 -0.012747 0.54109
251 -0.149842 -0.011602 0.543862
252 -0.147761 -0.012426 0.541869
253 0.008091 -0.004618 0.560442
254 0.002664 -0.014106 0.537545
255 0.007522 -0.013051 0.540084
256 0.005476 -0.013837 0.538189
257 -0.150641 -0.02641 0.55717
258 -0.144957 -0.030589 0.553011
259 -0.149862 -0.028457 0.555125
260 -0.147781 -0.029987 0.553602
261 0.008078 -0.01607 0.568093
262 0.002641 -0.033583 0.550559
263 0.0075 -0.031649 0.55251
264 0.005454 -0.033095 0.551057
265 -0.150718 -0.037044 0.573084
266 -0.145045 -0.042511 0.570853
267 -0.149945 -0.03972 0.57198
268 -0.147869 -0.041721 0.571164
269 0.008021 -0.023722 0.579544
270 0.002545 -0.046597 0.570036
271 0.007408 -0.044077 0.571109
272 0.005358 -0.045965 0.570314
273 -0.150846 -0.040779 0.591856
274 -0.145187 -0.046698 0.591899
275 -0.15008 -0.043676 0.591863
276 -0.148008 -0.045843 0.591878
277 0.007929 -0.02641 0.593052
278 0.002389 -0.051168 0.593009
279 0.007259 -0.048441 0.593047
280 0.005204 -0.050483 0.593031
281 -0.151001 -0.037045 0.610629
282 -0.145362 -0.042513 0.612945
283 -0.150244 -0.039721 0.611745
284 -0.148181 -0.041722 0.612592
285 0.007818 -0.023723 0.60656
286 0.002199 -0.046599 0.615984
287 0.007077 -0.044078 0.614984
288 0.005016 -0.045966 0.615747
289 -0.151162 -0.026412 0.626543
290 -0.145543 -0.030591 0.630787
291 -0.150415 -0.028459 0.628599
292 -0.148358 -0.029989 0.630153
293 0.007702 -0.016071 0.618011
294 0.002002 -0.033585 0.635461
295 0.006889 -0.031652 0.633583
296 0.004822 -0.033098 0.635005
297 -0.151304 -0.010497 0.637177
298 -0.145701 -0.01275 0.642709
299 -0.150565 -0.011604 0.639862
300 -0.148514 -0.012428 0.641887
301 0.0076 -0.00462 0.625663
302 0.00183 -0.014109 0.648475
303 0.006724 -0.013054 0.64601
304 0.00465 -0.01384 0.647873
305 0.008046 0.00889 0.632401
306 0.008126 -0.006167 0.629406
307 0.00824 -0.018931 0.620877
308 0.008369 -0.02746 0.608113
309 0.008494 -0.030454 0.593056
310 0.008596 -0.027459 0.578
311 0.008659 -0.01893 0.565235
312 0.008674 -0.006164 0.556707
313 0.008639 0.008892 0.553711
314 0.008558 0.023949 0.556707
315 0.008444 0.036714 0.565235
316 0.008316 0.045243 0.578
317 0.00819 0.048237 0.593056
318 0.008088 0.045242 0.608113
319 0.008026 0.036712 0.620877
320 0.00801 0.023947 0.629406
321 0.01021 -0.000324 0.615333
322 0.010161 0.008898 0.617167
323 0.010279 -0.00814 0.61011
324 0.010358 -0.013364 0.602293
325 0.010435 -0.015198 0.593071
326 0.010498 -0.013364 0.583851
327 0.010536 -0.008139 0.576033
328 0.010545 -0.000322 0.570809
329 0.010523 0.0089 0.568975
330 0.010474 0.018122 0.570809
331 0.010404 0.025938 0.576033
332 0.010326 0.031162 0.583851
333 0.010249 0.032996 0.593071
334 0.010187 0.031162 0.602293
335 0.010148 0.025937 0.61011
336 0.010139 0.01812 0.615333
337 0.007384 0.008888 0.64753
338 0.007334 0.029736 0.643383
339 0.007355 0.047411 0.631574
340 0.007443 0.05922 0.6139
341 0.007583 0.063368 0.593052
342 0.007756 0.059221 0.572204
343 0.007935 0.047413 0.554531
344 0.008092 0.029739 0.542721
345 0.008203 0.008891 0.538574
346 0.008253 -0.011957 0.542721
347 0.008232 -0.029632 0.554531
348 0.008144 -0.041442 0.572204
349 0.008003 -0.045589 0.593052
350 0.007831 -0.041443 0.6139
351 0.007652 -0.029635 0.631574
352 0.007495 -0.01196 0.643383
353 0.010127 -0.006159 0.629422
354 0.010046 0.008898 0.632416
355 0.01024 -0.018924 0.620892
356 0.010369 -0.027452 0.608128
357 0.010493 -0.030447 0.593071
358 0.010595 -0.027451 0.578014
359 0.010659 -0.018922 0.56525
360 0.010673 -0.006157 0.556722
361 0.010638 0.0089 0.553727
362 0.010557 0.023957 0.556722
363 0.010445 0.036722 0.56525
364 0.010315 0.04525 0.578014
365 0.01019 0.048245 0.593071
366 0.010089 0.045249 0.608128
367 0.010025 0.03672 0.620892
368 0.010011 0.023955 0.629422
369 0.023314 0.007024 0.597817
370 0.023303 0.008949 0.598199
371 0.023329 0.005392 0.596727
372 0.023345 0.004301 0.595095
373 0.023361 0.003918 0.593169
374 0.023374 0.004301 0.591244
375 0.023382 0.005392 0.589612
376 0.023384 0.007024 0.588522
377 0.023379 0.008949 0.588139
378 0.023369 0.010874 0.588522
379 0.023355 0.012506 0.589612
380 0.023338 0.013597 0.591244
381 0.023322 0.01398 0.593169
382 0.023309 0.013597 0.595095
383 0.023301 0.012506 0.596727
384 0.023299 0.010874 0.597817
385 0.023209 -0.000273 0.615431
386 0.02316 0.008948 0.617265
387 0.023279 -0.00809 0.610208
388 0.023358 -0.013314 0.60239
389 0.023435 -0.015148 0.593169
390 0.023497 -0.013313 0.583948
391 0.023536 -0.008089 0.576131
392 0.023545 -0.000272 0.570907
393 0.023523 0.00895 0.569073
394 0.023474 0.018172 0.570907
395 0.023404 0.025989 0.576131
396 0.023325 0.031212 0.583948
397 0.023249 0.033046 0.593169
398 0.023187 0.031212 0.60239
399 0.023148 0.025988 0.610208
400 0.023138 0.01817 0.615431
401 0.04912 0.007124 0.598011
402 0.04911 0.009048 0.598394
403 0.049167 0.004018 0.593364
404 0.04918 0.004401 0.591438
405 0.049188 0.005492 0.589806
406 0.049107 0.012606 0.59692
407 0.049105 0.010973 0.598011
408 0.010822 0.008901 0.631901
409 0.010378 0.00996 0.631901
410 0.009316 0.010395 0.631898
411 0.009501 -0.017503 0.621585
412 0.008444 -0.017821 0.621271
413 0.008014 -0.018575 0.620519
414 0.008461 -0.019321 0.619771
415 0.009525 -0.019624 0.619464
416 0.010832 -0.029927 0.592013
417 0.011263 -0.029923 0.593077
418 0.010816 -0.029927 0.594135
419 0.009753 -0.029937 0.594566
420 0.008695 -0.029947 0.594119
421 0.008264 -0.02995 0.593054
422 0.008711 -0.029947 0.591997
423 0.009775 -0.029936 0.591566
424 0.01099 -0.017804 0.564869
425 0.011427 -0.018551 0.565625
426 0.010984 -0.019304 0.566369
427 0.009922 -0.019623 0.566668
428 0.008863 -0.01932 0.566345
429 0.008427 -0.018574 0.565591
430 0.008869 -0.01782 0.564846
431 0.00993 -0.017502 0.564547
432 0.010971 0.00784 0.554247
433 0.009913 0.007397 0.554234
434 0.008849 0.007832 0.55422
435 0.008407 0.008892 0.554215
436 0.011215 0.036357 0.565625
437 0.010785 0.035606 0.564869
438 0.008663 0.035606 0.564846
439 0.008215 0.036356 0.565591
440 -0.111931 0.02728 0.670913
441 -0.112024 0.029046 0.635731
442 -0.111666 0.027281 0.635733
443 -0.11066 0.025787 0.635741
444 -0.109159 0.024793 0.635752
445 -0.107391 0.024448 0.635765
446 -0.105627 0.024806 0.635779
447 -0.104134 0.025812 0.63579
448 -0.103139 0.027314 0.635798
449 -0.102795 0.029081 0.6358
450 -0.103153 0.030846 0.635798
451 -0.10416 0.032339 0.63579
452 -0.10566 0.033333 0.635779
453 -0.107427 0.033677 0.635765
454 -0.109191 0.033319 0.635752
455 -0.110685 0.032314 0.635741
456 -0.111679 0.030813 0.635733
457 -0.112289 0.029044 0.670911
458 -0.110925 0.025786 0.670921
459 -0.109424 0.024792 0.670933
460 -0.107657 0.024447 0.670946
461 -0.105892 0.024805 0.670959
462 -0.104398 0.025811 0.67097
463 -0.103404 0.027313 0.670978
464 -0.10306 0.02908 0.670981
465 -0.103418 0.030844 0.670978
466 -0.104424 0.032338 0.67097
467 -0.105925 0.033332 0.670959
468 -0.107692 0.033676 0.670946
469 -0.109457 0.033318 0.670933
470 -0.11095 0.032313 0.670921
471 -0.111944 0.030811 0.670913
472 -0.117021 0.025159 0.674649
473 -0.117805 0.029023 0.674644
474 -0.114819 0.021891 0.674666
475 -0.111533 0.019713 0.67469
476 -0.107664 0.018959 0.674719
477 -0.103801 0.019743 0.674748
478 -0.100532 0.021946 0.674774
479 -0.098355 0.025231 0.67479
480 -0.097601 0.029101 0.674796
481 -0.098384 0.032964 0.67479
482 -0.100587 0.036233 0.674774
483 -0.103873 0.03841 0.674748
484 -0.107742 0.039164 0.674719
485 -0.111605 0.03838 0.67469
486 -0.114874 0.036178 0.674666
487 -0.117051 0.032892 0.674649
488 -0.112405 0.027113 0.681115
489 -0.117032 0.025159 0.676119
490 -0.114732 0.026136 0.680432
491 -0.116426 0.025422 0.678605
492 -0.117816 0.029023 0.676113
493 -0.112796 0.029043 0.681112
494 -0.117157 0.029026 0.678599
495 -0.115319 0.029033 0.680429
496 -0.111304 0.02548 0.681124
497 -0.114829 0.021891 0.676135
498 -0.113081 0.023685 0.680445
499 -0.114371 0.022371 0.67862
500 -0.109664 0.024394 0.681136
501 -0.111544 0.019713 0.676161
502 -0.110618 0.022053 0.680463
503 -0.111306 0.02034 0.678643
504 -0.107732 0.024017 0.68115
505 -0.107675 0.018959 0.67619
506 -0.107718 0.021488 0.680486
507 -0.107696 0.019636 0.67867
508 -0.105802 0.024408 0.681164
509 -0.103812 0.019743 0.676219
510 -0.104821 0.022075 0.680507
511 -0.104093 0.020368 0.678697
512 -0.10417 0.025508 0.681177
513 -0.100542 0.021946 0.676243
514 -0.10237 0.023727 0.680526
515 -0.101043 0.022423 0.67872
516 -0.103084 0.027149 0.681185
517 -0.098366 0.025231 0.676259
518 -0.100738 0.02619 0.680538
519 -0.099011 0.025489 0.678736
520 -0.102707 0.029081 0.681188
521 -0.097612 0.029101 0.676265
522 -0.100173 0.029091 0.680543
523 -0.098308 0.029098 0.67874
524 -0.103098 0.03101 0.681185
525 -0.098396 0.032964 0.676259
526 -0.10076 0.031987 0.680538
527 -0.099039 0.032702 0.678736
528 -0.104198 0.032643 0.681177
529 -0.100598 0.036233 0.676243
530 -0.102411 0.034438 0.680526
531 -0.101094 0.035752 0.67872
532 -0.105838 0.033729 0.681164
533 -0.103884 0.03841 0.676219
534 -0.104875 0.03607 0.680507
535 -0.10416 0.037783 0.678697
536 -0.107771 0.034106 0.68115
537 -0.107753 0.039164 0.67619
538 -0.107776 0.036635 0.680486
539 -0.107769 0.038487 0.67867
540 -0.1097 0.033715 0.681136
541 -0.111616 0.03838 0.676161
542 -0.110672 0.036048 0.680463
543 -0.111373 0.037755 0.678643
544 -0.111332 0.032615 0.681124
545 -0.114884 0.036178 0.676135
546 -0.113123 0.034396 0.680445
547 -0.114423 0.0357 0.67862
548 -0.11242 0.030974 0.681115
549 -0.117062 0.032892 0.676119
550 -0.114754 0.031933 0.680432
551 -0.116454 0.032634 0.678605
552 0.0232 0.00131 0.614184
553 0.023158 0.009586 0.615831
554 0.023257 -0.005706 0.609497
555 0.023317 -0.010394 0.602481
556 0.023375 -0.01204 0.594205
557 0.02342 -0.010393 0.58593
558 0.023445 -0.005705 0.578914
559 0.023448 0.001311 0.574226
560 0.023425 0.009587 0.57258
561 0.023384 0.017863 0.574226
562 0.023327 0.024878 0.578914
563 0.023266 0.029566 0.58593
564 0.023209 0.031212 0.594205
565 0.023163 0.029566 0.602481
566 0.023139 0.024878 0.609497
567 0.023136 0.017862 0.614184
568 0.073199 0.001503 0.614493
569 0.073156 0.009778 0.61614
570 0.073254 -0.005513 0.609806
571 0.073316 -0.010201 0.60279
572 0.073374 -0.011847 0.594514
573 0.073418 -0.010201 0.586239
574 0.073444 -0.005513 0.579223
575 0.073446 0.001503 0.574535
576 0.073424 0.009779 0.572889
577 0.073382 0.018055 0.574535
578 0.073326 0.025071 0.579223
579 0.073264 0.029759 0.586239
580 0.073208 0.031405 0.594514
581 0.073162 0.029759 0.60279
582 0.073137 0.02507 0.609806
583 0.073135 0.018054 0.614493
584 0.073143 -0.003512 0.626598
585 0.073075 0.009778 0.629241
586 0.073233 -0.014777 0.61907
587 0.073332 -0.022306 0.607804
588 0.073425 -0.024949 0.594514
589 0.073496 -0.022305 0.581225
590 0.073537 -0.014776 0.569958
591 0.07354 -0.00351 0.56243
592 0.073505 0.00978 0.559787
593 0.073437 0.02307 0.56243
594 0.073347 0.034335 0.569958
595 0.073249 0.041864 0.581225
596 0.073157 0.044507 0.594514
597 0.073085 0.041863 0.607804
598 0.073044 0.034334 0.61907
599 0.073041 0.023068 0.626598
600 0.033144 -0.003666 0.626351
601 0.033077 0.009624 0.628995
602 0.033234 -0.014932 0.618823
603 0.033333 -0.02246 0.607557
604 0.033426 -0.025103 0.594267
605 0.033498 -0.02246 0.580977
606 0.033538 -0.01493 0.569711
607 0.033541 -0.003664 0.562183
608 0.033506 0.009626 0.55954
609 0.033438 0.022915 0.562183
610 0.033349 0.034181 0.569711
611 0.033251 0.04171 0.580977
612 0.033158 0.044353 0.594267
613 0.033086 0.041709 0.607557
614 0.033045 0.03418 0.618823
615 0.033042 0.022914 0.626351
616 0.033121 -0.00577 0.631431
617 0.033043 0.009624 0.634494
618 0.033225 -0.018821 0.622711
619 0.03334 -0.02754 0.609661
620 0.033447 -0.030602 0.594267
621 0.03353 -0.02754 0.578873
622 0.033577 -0.018819 0.565823
623 0.033581 -0.005768 0.557103
624 0.03354 0.009626 0.554041
625 0.033462 0.02502 0.557103
626 0.033358 0.03807 0.565823
627 0.033243 0.04679 0.578873
628 0.033137 0.049851 0.594267
629 0.033054 0.046789 0.609661
630 0.033006 0.038069 0.622711
631 0.033002 0.025018 0.631431
632 0.023216 0.0027 0.610829
633 0.02318 0.009586 0.612198
634 0.023262 -0.003137 0.606928
635 0.023313 -0.007038 0.601091
636 0.023361 -0.008408 0.594205
637 0.023399 -0.007037 0.58732
638 0.02342 -0.003136 0.581482
639 0.023421 0.002701 0.577582
640 0.023403 0.009587 0.576212
641 0.023368 0.016473 0.577582
642 0.023321 0.022309 0.581482
643 0.023271 0.02621 0.58732
644 0.023223 0.02758 0.594205
645 0.023185 0.02621 0.601091
646 0.023164 0.022309 0.606928
647 0.023163 0.016472 0.610829
648 0.043215 0.002777 0.610953
649 0.04318 0.009663 0.612322
650 0.043262 -0.00306 0.607052
651 0.043313 -0.006961 0.601215
652 0.043361 -0.008331 0.594329
653 0.043398 -0.00696 0.587443
654 0.043419 -0.003059 0.581606
655 0.043421 0.002778 0.577705
656 0.043403 0.009664 0.576336
657 0.043368 0.01655 0.577705
658 0.043321 0.022387 0.581606
659 0.04327 0.026287 0.587443
660 0.043222 0.027657 0.594329
661 0.043185 0.026287 0.601215
662 0.043164 0.022386 0.607052
663 0.043162 0.016549 0.610953
664 0.074173 -0.005612 0.631685
665 0.083158 -0.002086 0.623313
666 0.078652 -0.005127 0.630583
667 0.08194 -0.003837 0.627519
668 0.083098 0.009817 0.62568
669 0.074095 0.009782 0.634748
670 0.081871 0.009812 0.630234
671 0.078576 0.009799 0.633552
672 0.074277 -0.018662 0.622965
673 0.083238 -0.012177 0.61657
674 0.078753 -0.017781 0.622128
675 0.082032 -0.015408 0.619788
676 0.074391 -0.027382 0.609914
677 0.083327 -0.01892 0.606479
678 0.078863 -0.026236 0.609475
679 0.082134 -0.023138 0.608217
680 0.074499 -0.030444 0.594521
681 0.083411 -0.021287 0.594576
682 0.078967 -0.029204 0.594549
683 0.082229 -0.025853 0.594568
684 0.074582 -0.027381 0.579127
685 0.083474 -0.018919 0.582673
686 0.079048 -0.026235 0.579622
687 0.082303 -0.023138 0.580921
688 0.074629 -0.018661 0.566077
689 0.083511 -0.012176 0.572582
690 0.079093 -0.01778 0.566968
691 0.082344 -0.015406 0.56935
692 0.074633 -0.00561 0.557356
693 0.083514 -0.002085 0.565839
694 0.079097 -0.005125 0.558513
695 0.082348 -0.003835 0.561619
696 0.074593 0.009784 0.554295
697 0.083483 0.009818 0.563472
698 0.079058 0.009801 0.555544
699 0.082312 0.009814 0.558903
700 0.074514 0.025178 0.557356
701 0.083422 0.021721 0.565839
702 0.078982 0.024728 0.558513
703 0.082243 0.023463 0.561619
704 0.07441 0.038228 0.566077
705 0.083342 0.031812 0.572582
706 0.078881 0.037382 0.566968
707 0.08215 0.035033 0.56935
708 0.074295 0.046948 0.579127
709 0.083253 0.038555 0.582673
710 0.07877 0.045836 0.579622
711 0.082049 0.042764 0.580921
712 0.074189 0.05001 0.594521
713 0.083171 0.040922 0.594576
714 0.078666 0.048805 0.594549
715 0.081954 0.045479 0.594568
716 0.074105 0.046947 0.609914
717 0.083106 0.038554 0.606479
718 0.078586 0.045836 0.609474
719 0.08188 0.042763 0.608217
720 0.074058 0.038227 0.622965
721 0.083069 0.031811 0.61657
722 0.07854 0.03738 0.622128
723 0.081839 0.035032 0.619788
724 0.074055 0.025176 0.631685
725 0.083066 0.02172 0.623313
726 0.078537 0.024726 0.630583
727 0.081835 0.023461 0.627519
728 0.034342 0.045986 0.567405
729 0.051149 0.151164 0.476462
730 0.075252 0.042571 0.631478
731 0.073052 0.190812 0.680841
732 0.043994 0.108968 0.530278
733 0.075324 0.097956 0.693598
734 0.053729 0.032531 0.594394
735 0.060582 0.204044 0.552596
736 0.059968 0.126173 0.608402
737 0.047061 0.032677 0.587526
738 0.041136 0.033855 0.580708
739 0.036691 0.037824 0.573987
740 0.046491 0.119833 0.5134
741 0.048285 0.129648 0.496103
742 0.049725 0.139701 0.482567
743 0.064013 0.209827 0.587198
744 0.067514 0.209938 0.622539
745 0.070653 0.203715 0.65486
746 0.076083 0.080621 0.680484
747 0.076763 0.067291 0.664289
748 0.07669 0.053728 0.647256
749 0.034912 0.059724 0.56083
750 0.037313 0.077278 0.553243
751 0.040671 0.095257 0.543459
752 0.074274 0.170289 0.696249
753 0.074781 0.145848 0.702863
754 0.07498 0.120594 0.701544
755 0.063857 0.122845 0.629121
756 0.067704 0.116323 0.650337
757 0.071522 0.107672 0.671885
758 0.071689 0.035975 0.619127
759 0.066598 0.033256 0.609363
760 0.060431 0.032642 0.601421
761 0.0529 0.165137 0.482464
762 0.055024 0.179852 0.498171
763 0.057572 0.193474 0.522183
764 0.048023 0.115931 0.549394
765 0.052039 0.12183 0.568677
766 0.056025 0.125598 0.588291
767 0.058864 0.105471 0.610627
768 0.057378 0.080388 0.607943
769 0.055626 0.054964 0.601986
770 0.060761 0.184518 0.570638
771 0.060809 0.165014 0.587044
772 0.060588 0.145558 0.600178
773 0.06417 0.143532 0.624428
774 0.064253 0.165148 0.614806
775 0.064174 0.187346 0.601842
776 0.067769 0.137916 0.649645
777 0.067768 0.161244 0.643841
778 0.067669 0.185408 0.634189
779 0.071374 0.129866 0.675452
780 0.071279 0.154325 0.673286
781 0.071044 0.179189 0.665779
782 0.061501 0.05295 0.612374
783 0.06247 0.077358 0.621721
784 0.063273 0.101885 0.627849
785 0.067055 0.051407 0.623222
786 0.067405 0.073765 0.635676
787 0.067598 0.096254 0.645267
788 0.07208 0.051898 0.634902
789 0.07214 0.070656 0.649902
790 0.071857 0.089265 0.662837
791 0.039276 0.056377 0.571074
792 0.042162 0.077816 0.566882
793 0.045253 0.09914 0.560101
794 0.044172 0.055233 0.581352
795 0.047107 0.079638 0.580538
796 0.049823 0.103141 0.576803
797 0.049724 0.055588 0.591664
798 0.052211 0.081312 0.594223
799 0.05437 0.1059 0.593626
800 0.049993 0.129196 0.534127
801 0.051287 0.141375 0.516487
802 0.052181 0.153237 0.499009
803 0.053504 0.13739 0.555259
804 0.054345 0.151979 0.537945
805 0.054784 0.166039 0.51854
806 0.057033 0.143241 0.577176
807 0.057508 0.160298 0.561386
808 0.057628 0.176979 0.542543
809 0.036444 0.045784 0.566947
810 0.053251 0.15107 0.476003
811 0.077353 0.04256 0.631019
812 0.075153 0.190719 0.680382
813 0.046095 0.108875 0.529819
814 0.077426 0.097863 0.693139
815 0.055831 0.032437 0.593935
816 0.062683 0.203952 0.552137
817 0.062069 0.126081 0.607943
818 0.049163 0.032583 0.587067
819 0.043238 0.033761 0.580249
820 0.038792 0.037652 0.573528
821 0.048593 0.11974 0.512941
822 0.050386 0.129555 0.495645
823 0.051827 0.139607 0.482108
824 0.066115 0.209733 0.586739
825 0.069615 0.209844 0.62208
826 0.072754 0.203621 0.654401
827 0.078184 0.080527 0.680025
828 0.078865 0.067195 0.66383
829 0.078792 0.053661 0.646797
830 0.037012 0.059542 0.560371
831 0.039413 0.077151 0.552784
832 0.042772 0.095211 0.543
833 0.076375 0.170196 0.695791
834 0.076882 0.145754 0.702404
835 0.07708 0.1205 0.701085
836 0.065959 0.122752 0.628662
837 0.069806 0.116229 0.649879
838 0.073623 0.107579 0.671426
839 0.07379 0.035947 0.618668
840 0.068699 0.033162 0.608904
841 0.062533 0.032548 0.600963
842 0.055002 0.165043 0.482005
843 0.057125 0.179759 0.497712
844 0.059673 0.19338 0.521724
845 0.050125 0.115837 0.548935
846 0.05414 0.121736 0.568218
847 0.058126 0.125504 0.587832
848 0.060965 0.105377 0.610168
849 0.059479 0.080294 0.607484
850 0.057727 0.05487 0.601527
851 0.062863 0.184424 0.570179
852 0.06291 0.16492 0.586585
853 0.062689 0.145464 0.599719
854 0.066272 0.143438 0.62397
855 0.066353 0.165055 0.614347
856 0.066274 0.187252 0.601383
857 0.069871 0.137823 0.649187
858 0.069869 0.16115 0.643382
859 0.06977 0.185315 0.63373
860 0.073475 0.129774 0.674993
861 0.07338 0.154231 0.672827
862 0.073145 0.179095 0.66532
863 0.063602 0.052856 0.611915
864 0.064572 0.077264 0.621262
865 0.065374 0.101791 0.62739
866 0.069156 0.051314 0.622763
867 0.069505 0.073672 0.635217
868 0.069699 0.09616 0.644809
869 0.074181 0.051804 0.634444
870 0.074241 0.070563 0.649443
871 0.073957 0.089171 0.662378
872 0.041377 0.056283 0.570615
873 0.044263 0.077724 0.566423
874 0.047354 0.099047 0.559642
875 0.046274 0.05514 0.580893
876 0.049208 0.079545 0.580079
877 0.051924 0.103047 0.576344
878 0.051825 0.055495 0.591205
879 0.054313 0.081218 0.593764
880 0.056472 0.105806 0.593167
881 0.052094 0.129102 0.533668
882 0.053388 0.141281 0.516028
883 0.054282 0.153143 0.49855
884 0.055605 0.137296 0.5548
885 0.056445 0.151885 0.537486
886 0.056884 0.165945 0.518081
887 0.059135 0.143148 0.576717
888 0.059609 0.160204 0.560928
889 0.05973 0.176885 0.542084
890 0.033988 0.036496 0.63063
891 0.049636 0.127606 0.735843
892 0.075547 -0.027163 0.627312
893 0.073497 -0.076543 0.77555
894 0.043119 0.073719 0.693633
895 0.076113 -0.089278 0.6827
896 0.053677 0.009703 0.617221
897 0.059709 0.05157 0.788748
898 0.059837 -0.00424 0.710878
899 0.04694 0.016503 0.617351
900 0.040943 0.023262 0.618515
901 0.036421 0.029938 0.622473
902 0.045422 0.090622 0.704502
903 0.047019 0.107935 0.714321
904 0.0483 0.121485 0.724377
905 0.063474 0.017004 0.794539
906 0.067329 -0.018299 0.794661
907 0.070807 -0.050587 0.788447
908 0.076781 -0.076157 0.665366
909 0.077329 -0.059956 0.652037
910 0.077117 -0.042926 0.638474
911 0.034459 0.043078 0.644369
912 0.036743 0.050687 0.661927
913 0.039962 0.060506 0.679914
914 0.074921 -0.091939 0.755031
915 0.075552 -0.098547 0.730591
916 0.075795 -0.097227 0.705338
917 0.063942 -0.024919 0.70756
918 0.068017 -0.046096 0.701048
919 0.072071 -0.067603 0.692406
920 0.071875 -0.014849 0.620707
921 0.066693 -0.005135 0.617977
922 0.060448 0.002743 0.617347
923 0.051415 0.12162 0.749819
924 0.053662 0.105936 0.764541
925 0.056419 0.081951 0.778169
926 0.047324 0.054644 0.700606
927 0.051519 0.035403 0.706514
928 0.055694 0.01583 0.710293
929 0.058804 -0.006476 0.690173
930 0.057349 -0.003808 0.665086
931 0.055596 0.002131 0.639659
932 0.060115 0.03353 0.769222
933 0.060372 0.017125 0.749719
934 0.060329 0.00399 0.730264
935 0.06416 -0.020223 0.728247
936 0.064095 -0.010601 0.749863
937 0.063834 0.002362 0.772059
938 0.068025 -0.045403 0.722641
939 0.06791 -0.039599 0.745968
940 0.067658 -0.029947 0.770131
941 0.071907 -0.071172 0.714601
942 0.071733 -0.069007 0.739059
943 0.071365 -0.061502 0.763921
944 0.061581 -0.008198 0.637659
945 0.062587 -0.017534 0.662069
946 0.063394 -0.023653 0.686598
947 0.067247 -0.01899 0.636129
948 0.067669 -0.031439 0.658489
949 0.067907 -0.041028 0.680978
950 0.072388 -0.030619 0.636632
951 0.072554 -0.045616 0.655391
952 0.072358 -0.058553 0.673999
953 0.038934 0.032877 0.641032
954 0.041728 0.037098 0.662478
955 0.044701 0.043911 0.683808
956 0.043936 0.022649 0.6399
957 0.046805 0.023494 0.664312
958 0.049429 0.027255 0.687822
959 0.04959 0.012394 0.640268
960 0.052042 0.009859 0.665998
961 0.054138 0.010479 0.690591
962 0.049109 0.069931 0.713874
963 0.050199 0.087583 0.726056
964 0.05089 0.105069 0.737919
965 0.052814 0.048835 0.722078
966 0.053447 0.066157 0.736668
967 0.053658 0.085567 0.750728
968 0.056549 0.026955 0.727938
969 0.056825 0.042749 0.744995
970 0.056718 0.061593 0.761675
971 0.036085 0.036976 0.630433
972 0.051733 0.128086 0.735754
973 0.077644 -0.026683 0.627306
974 0.075593 -0.076064 0.775461
975 0.045216 0.074199 0.693543
976 0.078211 -0.088798 0.682611
977 0.055773 0.010183 0.617132
978 0.061806 0.05205 0.788659
979 0.061934 -0.00376 0.71079
980 0.049037 0.016984 0.617261
981 0.04304 0.023742 0.618426
982 0.038518 0.030418 0.622306
983 0.047519 0.091102 0.704414
984 0.049115 0.108415 0.714232
985 0.050397 0.121966 0.724288
986 0.065571 0.017484 0.794451
987 0.069426 -0.017819 0.794571
988 0.072904 -0.050108 0.788357
989 0.078878 -0.075677 0.665277
990 0.079426 -0.059476 0.651946
991 0.079214 -0.042446 0.638411
992 0.036556 0.043558 0.644192
993 0.038839 0.051167 0.661806
994 0.042058 0.060986 0.679873
995 0.077018 -0.091459 0.754941
996 0.077648 -0.098067 0.730501
997 0.077892 -0.096747 0.705249
998 0.066039 -0.024439 0.707471
999 0.070114 -0.045616 0.700959
1000 0.074167 -0.067123 0.692318
1001 0.073971 -0.014369 0.620685
1002 0.06879 -0.004656 0.617888
1003 0.062545 0.003223 0.617258
1004 0.053511 0.122101 0.749731
1005 0.055759 0.106416 0.764452
1006 0.058515 0.082432 0.77808
1007 0.049421 0.055124 0.700516
1008 0.053616 0.035883 0.706425
1009 0.057791 0.01631 0.710205
1010 0.0609 -0.005997 0.690084
1011 0.059446 -0.003328 0.664998
1012 0.057694 0.002611 0.63957
1013 0.062212 0.03401 0.769134
1014 0.062469 0.017605 0.749631
1015 0.062426 0.00447 0.730175
1016 0.066257 -0.019743 0.728158
1017 0.066191 -0.010121 0.749775
1018 0.06593 0.002843 0.771971
1019 0.070121 -0.044924 0.722551
1020 0.070007 -0.039119 0.745878
1021 0.069755 -0.029467 0.770043
1022 0.074003 -0.070692 0.714512
1023 0.07383 -0.068527 0.738969
1024 0.073462 -0.061022 0.763832
1025 0.063677 -0.007718 0.637569
1026 0.064684 -0.017053 0.66198
1027 0.065491 -0.023173 0.68651
1028 0.069343 -0.018509 0.636041
1029 0.069765 -0.030959 0.658399
1030 0.070004 -0.040548 0.680888
1031 0.074484 -0.030139 0.636542
1032 0.07465 -0.045137 0.655302
1033 0.074455 -0.058073 0.67391
1034 0.041031 0.033357 0.640944
1035 0.043825 0.037579 0.662389
1036 0.046797 0.044391 0.683719
1037 0.046033 0.023129 0.639812
1038 0.048902 0.023973 0.664222
1039 0.051525 0.027735 0.687732
1040 0.051686 0.012874 0.640179
1041 0.054139 0.010339 0.665909
1042 0.056235 0.010959 0.690502
1043 0.051206 0.07041 0.713785
1044 0.052295 0.088064 0.725967
1045 0.052986 0.105549 0.73783
1046 0.054911 0.049315 0.721988
1047 0.055543 0.066637 0.736579
1048 0.055755 0.086047 0.750638
1049 0.058646 0.027435 0.727849
1050 0.058922 0.043229 0.744906
1051 0.058815 0.062074 0.761586
1052 0.034291 -0.026729 0.621141
1053 0.050782 -0.131778 0.71229
1054 0.075963 -0.022995 0.557579
1055 0.075515 -0.171247 0.5082
1056 0.043967 -0.089636 0.658389
1057 0.07723 -0.078376 0.495468
1058 0.053905 -0.013123 0.594394
1059 0.061562 -0.184581 0.636281
1060 0.061038 -0.106714 0.580468
1061 0.047154 -0.013321 0.601179
1062 0.041154 -0.014545 0.607924
1063 0.036657 -0.018548 0.614589
1064 0.046339 -0.100483 0.675297
1065 0.047994 -0.110284 0.692614
1066 0.049345 -0.120326 0.706168
1067 0.065466 -0.190335 0.601724
1068 0.069404 -0.190418 0.56643
1069 0.072894 -0.184169 0.53415
1070 0.077693 -0.061036 0.508589
1071 0.07807 -0.047701 0.524791
1072 0.077681 -0.03414 0.541821
1073 0.034884 -0.040462 0.627725
1074 0.037326 -0.057997 0.635341
1075 0.040702 -0.07595 0.645167
1076 0.076769 -0.150714 0.492807
1077 0.07717 -0.126269 0.486199
1078 0.077157 -0.101015 0.487519
1079 0.065158 -0.103355 0.559799
1080 0.069217 -0.096803 0.538632
1081 0.073233 -0.088121 0.517133
1082 0.072195 -0.016427 0.569885
1083 0.066964 -0.013749 0.579586
1084 0.060694 -0.013182 0.587449
1085 0.052715 -0.145737 0.706311
1086 0.055146 -0.160434 0.690632
1087 0.058095 -0.174035 0.666655
1088 0.048286 -0.096567 0.639323
1089 0.052585 -0.102433 0.620092
1090 0.056843 -0.10617 0.600529
1091 0.059803 -0.086021 0.578229
1092 0.05809 -0.06095 0.580893
1093 0.056069 -0.035541 0.586826
1094 0.061815 -0.165053 0.618242
1095 0.061914 -0.145548 0.601836
1096 0.061706 -0.126094 0.588701
1097 0.065573 -0.124039 0.564496
1098 0.065701 -0.145654 0.57412
1099 0.065634 -0.167853 0.587083
1100 0.06944 -0.118394 0.539325
1101 0.069545 -0.141722 0.54513
1102 0.069514 -0.165886 0.554782
1103 0.073301 -0.110316 0.513564
1104 0.073368 -0.134775 0.51573
1105 0.073232 -0.15964 0.523235
1106 0.062057 -0.033481 0.576512
1107 0.063329 -0.05788 0.567179
1108 0.064396 -0.0824 0.561063
1109 0.067732 -0.031895 0.565734
1110 0.068407 -0.054248 0.553285
1111 0.068893 -0.076735 0.543699
1112 0.072905 -0.032346 0.554116
1113 0.073295 -0.051102 0.53912
1114 0.073314 -0.069713 0.526183
1115 0.039348 -0.037081 0.617533
1116 0.042348 -0.058498 0.621763
1117 0.045519 -0.079797 0.628583
1118 0.044363 -0.035899 0.607318
1119 0.047475 -0.06028 0.608169
1120 0.050326 -0.083762 0.611938
1121 0.050044 -0.036211 0.597075
1122 0.052761 -0.061915 0.594548
1123 0.055102 -0.086485 0.595174
1124 0.050169 -0.109817 0.654614
1125 0.051339 -0.121987 0.67227
1126 0.052109 -0.133842 0.689758
1127 0.054004 -0.117982 0.633528
1128 0.054743 -0.132566 0.650852
1129 0.05505 -0.146623 0.670262
1130 0.057849 -0.123806 0.611657
1131 0.058261 -0.140859 0.627452
1132 0.058276 -0.157539 0.646297
1133 0.036385 -0.026511 0.621625
1134 0.052877 -0.131668 0.712775
1135 0.078058 -0.022968 0.558064
1136 0.077609 -0.171138 0.508684
1137 0.046061 -0.089527 0.658873
1138 0.079324 -0.078265 0.495952
1139 0.056 -0.013013 0.594879
1140 0.063657 -0.184471 0.636766
1141 0.063133 -0.106604 0.580953
1142 0.049249 -0.013211 0.601663
1143 0.043249 -0.014435 0.608409
1144 0.038751 -0.01836 0.615074
1145 0.048434 -0.100373 0.675781
1146 0.050089 -0.110174 0.693099
1147 0.051439 -0.120216 0.706652
1148 0.06756 -0.190225 0.60221
1149 0.071498 -0.190307 0.566914
1150 0.074989 -0.184059 0.534634
1151 0.079787 -0.060926 0.509074
1152 0.080164 -0.047589 0.525276
1153 0.079775 -0.034057 0.542305
1154 0.036978 -0.040264 0.628209
1155 0.03942 -0.057854 0.635825
1156 0.042797 -0.075888 0.645652
1157 0.078863 -0.150605 0.493291
1158 0.079265 -0.126159 0.486684
1159 0.079252 -0.100905 0.488004
1160 0.067253 -0.103245 0.560284
1161 0.071311 -0.096692 0.539116
1162 0.075328 -0.088012 0.517617
1163 0.074291 -0.016383 0.570369
1164 0.069058 -0.013639 0.58007
1165 0.062789 -0.013072 0.587934
1166 0.054809 -0.145626 0.706795
1167 0.05724 -0.160325 0.691117
1168 0.06019 -0.173925 0.667139
1169 0.050381 -0.096457 0.639807
1170 0.05468 -0.102324 0.620577
1171 0.058937 -0.10606 0.601014
1172 0.061898 -0.085911 0.578713
1173 0.060184 -0.06084 0.581378
1174 0.058163 -0.035431 0.587311
1175 0.063909 -0.164943 0.618726
1176 0.064008 -0.145438 0.602322
1177 0.063801 -0.125984 0.589185
1178 0.067667 -0.123929 0.564981
1179 0.067796 -0.145545 0.574604
1180 0.067728 -0.167743 0.587568
1181 0.071534 -0.118285 0.539809
1182 0.07164 -0.141612 0.545615
1183 0.071609 -0.165777 0.555266
1184 0.075395 -0.110207 0.514049
1185 0.075462 -0.134665 0.516215
1186 0.075327 -0.159529 0.52372
1187 0.064151 -0.033371 0.576997
1188 0.065423 -0.05777 0.567664
1189 0.066491 -0.08229 0.561547
1190 0.069827 -0.031786 0.566218
1191 0.070502 -0.054139 0.553771
1192 0.070988 -0.076625 0.544183
1193 0.074999 -0.032236 0.554601
1194 0.075389 -0.050992 0.539604
1195 0.075409 -0.069602 0.526668
1196 0.041444 -0.036971 0.618019
1197 0.044442 -0.058389 0.622248
1198 0.047614 -0.079688 0.629067
1199 0.046457 -0.03579 0.607803
1200 0.049569 -0.060171 0.608655
1201 0.05242 -0.083652 0.612423
1202 0.052138 -0.036101 0.59756
1203 0.054856 -0.061805 0.595033
1204 0.057197 -0.086375 0.595658
1205 0.052263 -0.109707 0.655099
1206 0.053433 -0.121877 0.672755
1207 0.054203 -0.133732 0.690243
1208 0.056099 -0.117872 0.634013
1209 0.056838 -0.132456 0.651336
1210 0.057145 -0.146512 0.670747
1211 0.059944 -0.123696 0.612141
1212 0.060355 -0.140749 0.627937
1213 0.060371 -0.157429 0.646781
1214 0.034645 -0.017238 0.557917
1215 0.052296 -0.10822 0.452909
1216 0.075668 0.046738 0.561745
1217 0.075069 0.096108 0.413491
1218 0.044842 -0.054387 0.495034
1219 0.076441 0.108859 0.506366
1220 0.053959 0.009704 0.571567
1221 0.062435 -0.032106 0.400129
1222 0.06117 0.023699 0.477992
1223 0.047277 0.002853 0.571354
1224 0.041348 -0.003952 0.570116
1225 0.036927 -0.010662 0.566102
1226 0.047408 -0.071271 0.484193
1227 0.04926 -0.088571 0.474396
1228 0.05077 -0.102111 0.464358
1229 0.066005 0.002488 0.394384
1230 0.069589 0.03782 0.394308
1231 0.07274 0.070133 0.400564
1232 0.076994 0.095743 0.523707
1233 0.077503 0.079546 0.537043
1234 0.077254 0.062514 0.550603
1235 0.035336 -0.023816 0.544186
1236 0.037895 -0.031407 0.526656
1237 0.041412 -0.041199 0.508711
1238 0.076122 0.111515 0.434025
1239 0.076399 0.118126 0.458471
1240 0.076341 0.116807 0.483726
1241 0.065074 0.04441 0.48136
1242 0.068904 0.065616 0.487922
1243 0.072685 0.087154 0.496611
1244 0.072009 0.034396 0.568305
1245 0.066869 0.024642 0.570971
1246 0.060677 0.016716 0.571524
1247 0.0542 -0.10222 0.438955
1248 0.056508 -0.086518 0.424262
1249 0.059248 -0.062513 0.410668
1250 0.048985 -0.03528 0.488112
1251 0.053105 -0.016007 0.482255
1252 0.057174 0.003598 0.478527
1253 0.059864 0.025926 0.498684
1254 0.058119 0.023246 0.52375
1255 0.056098 0.017293 0.549154
1256 0.062461 -0.014065 0.419658
1257 0.06235 0.002341 0.439161
1258 0.061965 0.015474 0.458614
1259 0.065583 0.039716 0.460677
1260 0.065859 0.030094 0.439062
1261 0.065974 0.017131 0.416866
1262 0.069185 0.064926 0.46633
1263 0.069403 0.059121 0.443004
1264 0.069525 0.049469 0.418839
1265 0.072768 0.090723 0.474416
1266 0.072914 0.088557 0.449958
1267 0.072911 0.081051 0.425094
1268 0.061977 0.027667 0.551228
1269 0.063213 0.037011 0.526831
1270 0.064276 0.043138 0.502313
1271 0.067541 0.038502 0.552827
1272 0.068142 0.050955 0.530474
1273 0.068585 0.060547 0.50799
1274 0.072598 0.050171 0.552387
1275 0.07288 0.06517 0.533631
1276 0.072813 0.078106 0.51502
1277 0.039691 -0.013581 0.547575
1278 0.042782 -0.01778 0.526166
1279 0.046071 -0.024568 0.504875
1280 0.044599 -0.003315 0.548769
1281 0.047777 -0.004135 0.524395
1282 0.05072 -0.007876 0.50092
1283 0.050178 0.006984 0.548471
1284 0.052929 0.009538 0.522774
1285 0.055333 0.008936 0.498209
1286 0.051052 -0.050552 0.474867
1287 0.052427 -0.068195 0.462701
1288 0.0534 -0.085674 0.450849
1289 0.054694 -0.029428 0.46671
1290 0.055641 -0.046743 0.452129
1291 0.056177 -0.066151 0.438074
1292 0.058333 -0.007519 0.460895
1293 0.058943 -0.02331 0.443843
1294 0.059187 -0.042154 0.427164
1295 0.036743 -0.017702 0.55814
1296 0.054394 -0.108684 0.453025
1297 0.077767 0.046274 0.561777
1298 0.077169 0.095646 0.413605
1299 0.04694 -0.054851 0.495148
1300 0.078539 0.108395 0.50648
1301 0.056058 0.009241 0.571682
1302 0.064534 -0.03257 0.400244
1303 0.063269 0.023235 0.478107
1304 0.049376 0.002389 0.571469
1305 0.043446 -0.004416 0.570231
1306 0.039025 -0.011126 0.566296
1307 0.049507 -0.071735 0.484308
1308 0.051359 -0.089035 0.474511
1309 0.05287 -0.102575 0.464472
1310 0.068104 0.002024 0.394498
1311 0.071687 0.037356 0.394423
1312 0.074839 0.06967 0.400678
1313 0.079094 0.095279 0.523822
1314 0.079602 0.079082 0.53716
1315 0.079353 0.06205 0.550691
1316 0.037434 -0.02428 0.544387
1317 0.039995 -0.031871 0.526803
1318 0.043511 -0.041663 0.508778
1319 0.078221 0.111051 0.434141
1320 0.078499 0.117662 0.458587
1321 0.07844 0.116343 0.48384
1322 0.067173 0.043946 0.481475
1323 0.071003 0.065153 0.488036
1324 0.074783 0.086691 0.496726
1325 0.074109 0.033932 0.568353
1326 0.068968 0.024179 0.571086
1327 0.062777 0.016253 0.571639
1328 0.056299 -0.102684 0.439071
1329 0.058607 -0.086982 0.424378
1330 0.061348 -0.062977 0.410784
1331 0.051085 -0.035744 0.488227
1332 0.055203 -0.016471 0.48237
1333 0.059274 0.003134 0.478642
1334 0.061962 0.025463 0.498798
1335 0.060217 0.022782 0.523864
1336 0.058197 0.01683 0.549269
1337 0.06456 -0.014529 0.419773
1338 0.064448 0.001877 0.439277
1339 0.064064 0.01501 0.458729
1340 0.067682 0.039253 0.460793
1341 0.067959 0.029631 0.439177
1342 0.068072 0.016667 0.41698
1343 0.071284 0.064462 0.466445
1344 0.071502 0.058657 0.443119
1345 0.071623 0.049005 0.418954
1346 0.074867 0.090259 0.474531
1347 0.075013 0.088093 0.450073
1348 0.07501 0.080587 0.425208
1349 0.064076 0.027204 0.551343
1350 0.065311 0.036548 0.526946
1351 0.066375 0.042675 0.502429
1352 0.069639 0.038038 0.552941
1353 0.070241 0.050492 0.530589
1354 0.070684 0.060083 0.508104
1355 0.074696 0.049707 0.552502
1356 0.074979 0.064707 0.533745
1357 0.074913 0.077642 0.515135
1358 0.04179 -0.014045 0.547691
1359 0.044881 -0.018244 0.526281
1360 0.048171 -0.025031 0.50499
1361 0.046699 -0.003779 0.548885
1362 0.049876 -0.004599 0.52451
1363 0.052819 -0.00834 0.501035
1364 0.052277 0.00652 0.548586
1365 0.055028 0.009075 0.522888
1366 0.057433 0.008472 0.498323
1367 0.053151 -0.051015 0.474982
1368 0.054526 -0.068659 0.462816
1369 0.055499 -0.086138 0.450964
1370 0.056793 -0.029892 0.466824
1371 0.05774 -0.047207 0.452244
1372 0.058275 -0.066614 0.438189
1373 0.060433 -0.007983 0.461009
1374 0.061041 -0.023773 0.443958
1375 0.061286 -0.042618 0.427279
1376 0.083696 -0.000797 0.620208
1377 0.083642 0.009819 0.622319
1378 0.083768 -0.009797 0.614194
1379 0.083847 -0.01581 0.605195
1380 0.083921 -0.017921 0.594579
1381 0.083978 -0.015809 0.583964
1382 0.084011 -0.009796 0.574964
1383 0.084014 -0.000796 0.568951
1384 0.083985 0.00982 0.566839
1385 0.083932 0.020436 0.568951
1386 0.08386 0.029436 0.574964
1387 0.083781 0.035449 0.583964
1388 0.083707 0.03756 0.594579
1389 0.083649 0.035448 0.605195
1390 0.083617 0.029435 0.614194
1391 0.083614 0.020435 0.620208
1392 0.093224 3.3e-05 0.618352
1393 0.094186 0.000498 0.617244
1394 0.094139 0.009859 0.619106
1395 0.093174 0.009856 0.620306
1396 0.09329 -0.008294 0.612788
1397 0.094249 -0.007437 0.611941
1398 0.093363 -0.013858 0.604461
1399 0.09432 -0.01274 0.604005
1400 0.093432 -0.015812 0.594639
1401 0.094385 -0.014602 0.594644
1402 0.093485 -0.013857 0.584815
1403 0.094435 -0.01274 0.585284
1404 0.093515 -0.008293 0.576489
1405 0.094463 -0.007437 0.577347
1406 0.093517 3.4e-05 0.570925
1407 0.094466 0.0005 0.572044
1408 0.093491 0.009857 0.56897
1409 0.094441 0.00986 0.570182
1410 0.093441 0.01968 0.570925
1411 0.094394 0.019221 0.572044
1412 0.093375 0.028007 0.576489
1413 0.09433 0.027157 0.577347
1414 0.093302 0.03357 0.584815
1415 0.094261 0.03246 0.585284
1416 0.093234 0.035524 0.594639
1417 0.094196 0.034322 0.594644
1418 0.09318 0.03357 0.604461
1419 0.094145 0.03246 0.604005
1420 0.09315 0.028006 0.612788
1421 0.094116 0.027156 0.611941
1422 0.093148 0.019679 0.618352
1423 0.094114 0.01922 0.617244
1424 0.09429 0.00986 0.594644
1425 0.085262 -0.105553 0.04635
1426 0.076412 -0.100612 0.046354
1427 0.070127 -0.092661 0.046355
1428 0.095328 -0.106731 0.046341
1429 0.10508 -0.103967 0.046331
1430 0.113032 -0.097682 0.04632
1431 0.117972 -0.088832 0.046309
1432 0.11915 -0.078765 0.046302
1433 0.116386 -0.069014 0.046298
1434 0.1101 -0.061062 0.046298
1435 0.101251 -0.056122 0.046302
1436 0.091184 -0.054944 0.04631
1437 0.081432 -0.057708 0.046321
1438 0.073482 -0.063993 0.046332
1439 0.06854 -0.072843 0.046342
1440 0.067363 -0.082909 0.04635
1441 0.102391 -0.098694 0.052222
1442 0.105084 -0.103965 0.050353
1443 0.095332 -0.106728 0.050364
1444 0.094862 -0.100829 0.052231
1445 0.087088 -0.099919 0.052237
1446 0.085265 -0.10555 0.050373
1447 0.076415 -0.100609 0.050377
1448 0.080255 -0.096104 0.052241
1449 0.07013 -0.092658 0.050377
1450 0.075401 -0.089963 0.05224
1451 0.108531 -0.093841 0.052214
1452 0.113035 -0.097679 0.050343
1453 0.117976 -0.088829 0.050332
1454 0.119154 -0.078762 0.050325
1455 0.111122 -0.071703 0.052197
1456 0.11639 -0.069011 0.050321
1457 0.106269 -0.065563 0.052197
1458 0.110104 -0.06106 0.05032
1459 0.099435 -0.061748 0.052201
1460 0.101254 -0.056119 0.050325
1461 0.091661 -0.060838 0.052207
1462 0.091187 -0.054941 0.050334
1463 0.084131 -0.062973 0.052215
1464 0.081436 -0.057705 0.050344
1465 0.077991 -0.067827 0.052224
1466 0.073485 -0.06399 0.050355
1467 0.068544 -0.07284 0.050365
1468 0.067367 -0.082907 0.050373
1469 0.069268 -0.082754 0.052242
1470 0.07036 -0.073426 0.052234
1471 0.074938 -0.065226 0.052225
1472 0.082305 -0.059402 0.052215
1473 0.071829 -0.091789 0.052245
1474 0.091342 -0.056841 0.052205
1475 0.100669 -0.057932 0.052197
1476 0.10887 -0.06251 0.052193
1477 0.114693 -0.069877 0.052193
1478 0.117255 -0.078913 0.052197
1479 0.116163 -0.088241 0.052204
1480 0.111585 -0.096441 0.052213
1481 0.104217 -0.102266 0.052224
1482 0.077654 -0.099157 0.052245
1483 0.095181 -0.104826 0.052233
1484 0.085854 -0.103735 0.05224
1485 0.071267 -0.082594 0.052239
1486 0.072268 -0.074043 0.052233
1487 0.076464 -0.066526 0.052224
1488 0.083218 -0.061188 0.052215
1489 0.073615 -0.090877 0.052243
1490 0.091501 -0.058839 0.052206
1491 0.100052 -0.05984 0.052199
1492 0.107569 -0.064037 0.052195
1493 0.112907 -0.070791 0.052195
1494 0.115255 -0.079074 0.052198
1495 0.114255 -0.087624 0.052205
1496 0.110058 -0.095141 0.052214
1497 0.103304 -0.10048 0.052223
1498 0.078954 -0.097631 0.052243
1499 0.095022 -0.102828 0.052232
1500 0.086471 -0.101827 0.052239
1501 0.112385 -0.085913 0.053273
1502 0.111192 -0.086853 0.053278
1503 0.113286 -0.088195 0.052206
1504 0.114445 -0.078294 0.052199
1505 0.112098 -0.079115 0.053273
1506 0.113042 -0.080304 0.053269
1507 0.07414 -0.075752 0.0533
1508 0.075332 -0.074813 0.053302
1509 0.073236 -0.073471 0.052232
1510 0.073483 -0.081362 0.053304
1511 0.072077 -0.083373 0.05224
1512 0.074427 -0.082551 0.053308
1513 0.074635 -0.081261 0.066612
1514 0.075578 -0.082451 0.066609
1515 0.075792 -0.081378 0.067679
1516 0.07524 -0.076095 0.066609
1517 0.076393 -0.076247 0.067676
1518 0.076432 -0.075156 0.066603
1519 0.111912 -0.080386 0.066579
1520 0.11097 -0.079197 0.066575
1521 0.110758 -0.080269 0.067648
1522 0.111308 -0.085552 0.066584
1523 0.110158 -0.0854 0.067652
1524 0.110116 -0.086492 0.066581
1525 0.070987 0.084841 0.046277
1526 0.067141 0.094219 0.04627
1527 0.067175 0.104354 0.04628
1528 0.07813 0.077651 0.046298
1529 0.087481 0.07374 0.046331
1530 0.097616 0.073705 0.046371
1531 0.106993 0.077552 0.04641
1532 0.114184 0.084695 0.046445
1533 0.118095 0.094045 0.046469
1534 0.118129 0.104181 0.046477
1535 0.114282 0.113557 0.046471
1536 0.10714 0.120749 0.04645
1537 0.097789 0.12466 0.046417
1538 0.087654 0.124694 0.046378
1539 0.078276 0.120848 0.046338
1540 0.071086 0.113705 0.046304
1541 0.088632 0.079534 0.052233
1542 0.087465 0.073736 0.050353
1543 0.078115 0.077647 0.050321
1544 0.081412 0.082553 0.052209
1545 0.075896 0.088107 0.052192
1546 0.070972 0.084838 0.0503
1547 0.067125 0.094215 0.050293
1548 0.072926 0.095348 0.052187
1549 0.06716 0.104351 0.050303
1550 0.072952 0.103175 0.052194
1551 0.096458 0.079507 0.052264
1552 0.097601 0.073702 0.050393
1553 0.106978 0.077548 0.050433
1554 0.114169 0.084691 0.050468
1555 0.112272 0.095215 0.05234
1556 0.118079 0.094042 0.050491
1557 0.112299 0.103041 0.052347
1558 0.118113 0.104177 0.0505
1559 0.109328 0.110281 0.052343
1560 0.114267 0.113554 0.050494
1561 0.103813 0.115835 0.052326
1562 0.107124 0.120746 0.050473
1563 0.096592 0.118854 0.0523
1564 0.097774 0.124656 0.05044
1565 0.088765 0.118881 0.05227
1566 0.087639 0.124691 0.050401
1567 0.078261 0.120844 0.050361
1568 0.07107 0.113701 0.050327
1569 0.072644 0.112635 0.052202
1570 0.079308 0.119253 0.052234
1571 0.087997 0.122817 0.052271
1572 0.097388 0.122785 0.052307
1573 0.069021 0.103971 0.052179
1574 0.106053 0.119162 0.052338
1575 0.112671 0.112498 0.052357
1576 0.116235 0.10381 0.052363
1577 0.116203 0.094419 0.052354
1578 0.11258 0.085754 0.052333
1579 0.105916 0.079136 0.0523
1580 0.097228 0.075571 0.052263
1581 0.087836 0.075603 0.052227
1582 0.068989 0.094579 0.052171
1583 0.079172 0.079227 0.052197
1584 0.072554 0.08589 0.052177
1585 0.074308 0.111515 0.052207
1586 0.080417 0.117582 0.052237
1587 0.088381 0.12085 0.05227
1588 0.09699 0.12082 0.052304
1589 0.070986 0.103572 0.052187
1590 0.104933 0.117498 0.052332
1591 0.111 0.11139 0.05235
1592 0.114267 0.103425 0.052355
1593 0.114237 0.094816 0.052347
1594 0.110916 0.086873 0.052327
1595 0.104808 0.080807 0.052297
1596 0.096843 0.077539 0.052264
1597 0.088234 0.077569 0.05223
1598 0.070957 0.094963 0.052179
1599 0.080292 0.08089 0.052202
1600 0.074225 0.086999 0.052184
1601 0.104405 0.083309 0.053366
1602 0.102886 0.083316 0.053364
1603 0.103694 0.080963 0.052293
1604 0.110767 0.087989 0.052328
1605 0.108414 0.088807 0.053391
1606 0.108412 0.087289 0.053385
1607 0.080811 0.115078 0.053303
1608 0.082329 0.11507 0.053313
1609 0.081529 0.117426 0.052241
1610 0.076803 0.111098 0.053284
1611 0.074456 0.110401 0.052207
1612 0.076801 0.10958 0.053287
1613 0.077701 0.110447 0.066596
1614 0.077698 0.108929 0.066591
1615 0.078528 0.109635 0.067666
1616 0.081392 0.114113 0.066614
1617 0.082194 0.113275 0.067685
1618 0.082909 0.114104 0.066616
1619 0.107411 0.087916 0.066691
1620 0.107414 0.089433 0.066689
1621 0.106576 0.088726 0.067756
1622 0.103721 0.08425 0.066674
1623 0.10291 0.085085 0.067739
1624 0.102203 0.084258 0.066664
1625 0.136348 -0.163672 -0.023301
1626 0.136249 -0.163672 0.047342
1627 -0.21365 -0.165021 -0.023788
1628 -0.213748 -0.165021 0.046854
1629 0.134998 0.186326 -0.023301
1630 0.1349 0.186325 0.047342
1631 -0.214999 0.184977 -0.023788
1632 -0.215097 0.184976 0.046854
1633 -0.037261 0.008716 0.028362
1634 -0.038165 0.008712 0.677978
1635 0.09245 0.09908 0.018764
1636 0.092411 0.099185 0.078482
1637 0.092833 -0.080754 0.028543
1638 0.092995 -0.080754 0.088505
1639 0.001937 0.008867 0.59302
1640 0.111873 0.00929 0.593259
Faces:
86 12 5 72.
32 54 57 35.
105 28 26 102.
114 49 47 111.
99 27 28 105.
53 75 78 56.
69 8 24 74.
11 45 29 6.
83 15 12 86.
27 47 54 32.
74 24 21 77.
77 21 18 80.
80 18 15 83.
44 66 50 30.
35 57 60 38.
38 60 63 41.
41 63 66 44.
48 68 75 53.
65 87 71 51.
56 78 81 59.
59 81 84 62.
62 84 87 65.
9 26 33 23.
23 33 36 20.
20 36 39 17.
17 39 42 14.
14 42 45 11.
8 93 96 10.
24 8 10 25.
25 10 9 23.
27 32 34 28.
28 34 33 26.
21 24 25 22.
22 25 23 20.
32 35 37 34.
34 37 36 33.
18 21 22 19.
19 22 20 17.
35 38 40 37.
37 40 39 36.
15 18 19 16.
16 19 17 14.
38 41 43 40.
40 43 42 39.
12 15 16 13.
13 16 14 11.
41 44 46 43.
43 46 45 42.
5 12 13 7.
7 13 11 6.
44 30 31 46.
46 31 29 45.
48 53 55 49.
49 55 54 47.
53 56 58 55.
55 58 57 54.
56 59 61 58.
58 61 60 57.
59 62 64 61.
61 64 63 60.
62 65 67 64.
64 67 66 63.
65 51 52 67.
67 52 50 66.
69 74 76 70.
70 76 75 68.
74 77 79 76.
76 79 78 75.
77 80 82 79.
79 82 81 78.
80 83 85 82.
82 85 84 81.
83 86 88 85.
85 88 87 84.
86 72 73 88.
88 73 71 87.
47 27 99 111.
108 48 49 114.
8 69 117 93.
26 9 90 102.
68 120 123 70.
68 48 108 120.
70 123 117 69.
119 107 1 2.
104 98 100 106.
106 100 99 105.
101 104 106 103.
103 106 105 102.
92 95 97 94.
94 97 96 93.
95 89 91 97.
97 91 90 96.
119 122 124 121.
121 124 123 120.
122 116 118 124.
124 118 117 123.
113 107 109 115.
115 109 108 114.
110 113 115 112.
112 115 114 111.
89 101 103 91.
91 103 102 90.
120 108 109 121.
121 109 107 119.
111 99 100 112.
112 100 98 110.
93 117 118 94.
94 118 116 92.
10 96 90 9.
89 95 3.
95 92 3.
107 113 1.
113 110 1.
101 89 3 4.
116 122 2.
98 104 4.
92 116 2 3.
104 101 4.
122 119 2.
110 98 4 1.
1 4 127 128.
4 3 126 127.
3 2 125 126.
2 1 128 125.
125 128 127 126.
130 131 129 146.
137 138 153 152.
144 145 160 159.
140 141 156 155.
136 137 152 151.
132 133 148 147.
143 144 159 158.
139 140 155 154.
135 136 151 150.
131 132 147 129.
142 143 158 157.
138 139 154 153.
134 135 150 149.
145 130 146 160.
133 134 149 148.
141 142 157 156.
175 168 163 172.
173 176 171 170.
161 164 167 166.
176 173 174.
165 162 161 166.
163 168 167 164.
169 174 173 170.
175 172 171 176.
165 174 169 162.
174 165 168.
165 166 168.
166 167 168.
168 175 174.
175 176 174.
298 302 182 178.
194 198 206 202.
202 206 214 210.
210 214 222 218.
218 222 230 226.
226 230 238 234.
234 238 246 242.
242 246 254 250.
250 254 262 258.
258 262 270 266.
266 270 278 274.
274 278 286 282.
282 286 294 290.
290 294 302 298.
186 190 198 194.
178 182 190 186.
178 186 188 180.
180 188 187 179.
179 187 185 177.
190 182 184 192.
192 184 183 191.
191 183 337 338.
186 194 196 188.
188 196 195 187.
187 195 193 185.
198 190 192 200.
200 192 191 199.
199 191 338 339.
194 202 204 196.
196 204 203 195.
195 203 201 193.
206 198 200 208.
208 200 199 207.
207 199 339 340.
202 210 212 204.
204 212 211 203.
203 211 209 201.
214 206 208 216.
216 208 207 215.
215 207 340 341.
210 218 220 212.
212 220 219 211.
211 219 217 209.
222 214 216 224.
224 216 215 223.
223 215 341 342.
218 226 228 220.
220 228 227 219.
219 227 225 217.
230 222 224 232.
232 224 223 231.
231 223 342 343.
226 234 236 228.
228 236 235 227.
227 235 233 225.
238 230 232 240.
240 232 231 239.
239 231 343 344.
234 242 244 236.
236 244 243 235.
235 243 241 233.
246 238 240 248.
248 240 239 247.
247 239 344 345.
242 250 252 244.
244 252 251 243.
243 251 249 241.
254 246 248 256.
256 248 247 255.
255 247 345 346.
250 258 260 252.
252 260 259 251.
251 259 257 249.
262 254 256 264.
264 256 255 263.
263 255 346 347.
258 266 268 260.
260 268 267 259.
259 267 265 257.
270 262 264 272.
272 264 263 271.
271 263 347 348.
266 274 276 268.
268 276 275 267.
267 275 273 265.
278 270 272 280.
280 272 271 279.
279 271 348 349.
274 282 284 276.
276 284 283 275.
275 283 281 273.
286 278 280 288.
288 280 279 287.
287 279 349 350.
282 290 292 284.
284 292 291 283.
283 291 289 281.
294 286 288 296.
296 288 287 295.
295 287 350 351.
290 298 300 292.
292 300 299 291.
291 299 297 289.
302 294 296 304.
304 296 295 303.
303 295 351 352.
298 178 180 300.
300 180 179 299.
299 179 177 297.
182 302 304 184.
184 304 303 183.
183 303 352 337.
297 201 233.
324 325 389 388.
319 320 368 367.
312 313 361 360.
305 306 353 354.
320 305 354 368.
313 314 362 361.
306 307 355 353.
314 315 363 362.
307 308 356 355.
315 316 364 363.
308 309 357 356.
316 317 365 364.
309 310 358 357.
317 318 366 365.
310 311 359 358.
318 319 367 366.
311 312 360 359.
181 189 338 337.
189 197 339 338.
197 205 340 339.
205 213 341 340.
213 221 342 341.
221 229 343 342.
229 237 344 343.
237 245 345 344.
245 253 346 345.
253 261 347 346.
261 269 348 347.
269 277 349 348.
277 285 350 349.
285 293 351 350.
293 301 352 351.
301 181 337 352.
321 322 354 353.
323 321 353 355.
324 323 355 356.
325 324 356 357.
326 325 357 358.
327 326 358 359.
328 327 359 360.
329 328 360 361.
330 329 361 362.
331 330 362 363.
332 331 363 364.
333 332 364 365.
334 333 365 366.
335 334 366 367.
336 335 367 368.
322 336 368 354.
332 333 397 396.
325 326 390 389.
333 334 398 397.
326 327 391 390.
334 335 399 398.
327 328 392 391.
335 336 400 399.
328 329 393 392.
322 321 385 386.
336 322 386 400.
329 330 394 393.
321 323 387 385.
330 331 395 394.
323 324 388 387.
331 332 396 395.
369 370 386 385.
374 373 389 390.
375 374 390 391.
384 383 399 400.
370 384 400 386.
384 370 402 407.
448 449 464 463.
441 442 440 457.
455 456 471 470.
451 452 467 466.
447 448 463 462.
443 444 459 458.
454 455 470 469.
450 451 466 465.
446 447 462 461.
442 443 458 440.
453 454 469 468.
449 450 465 464.
445 446 461 460.
456 441 457 471.
444 445 460 459.
452 453 468 467.
461 462 478 477.
440 458 474 472.
468 469 485 484.
464 465 481 480.
460 461 477 476.
457 440 472 473.
467 468 484 483.
471 457 473 487.
463 464 480 479.
459 460 476 475.
470 471 487 486.
466 467 483 482.
462 463 479 478.
458 459 475 474.
469 470 486 485.
465 466 482 481.
479 480 521 517.
486 487 549 545.
478 479 517 513.
485 486 545 541.
477 478 513 509.
484 485 541 537.
476 477 509 505.
483 484 537 533.
475 476 505 501.
482 483 533 529.
487 473 492 549.
481 482 529 525.
474 475 501 497.
472 474 497 489.
480 481 525 521.
473 472 489 492.
549 492 494 551.
551 494 495 550.
550 495 493 548.
545 549 551 547.
547 551 550 546.
546 550 548 544.
541 545 547 543.
543 547 546 542.
542 546 544 540.
537 541 543 539.
539 543 542 538.
538 542 540 536.
533 537 539 535.
535 539 538 534.
534 538 536 532.
529 533 535 531.
531 535 534 530.
530 534 532 528.
525 529 531 527.
527 531 530 526.
526 530 528 524.
521 525 527 523.
523 527 526 522.
522 526 524 520.
517 521 523 519.
519 523 522 518.
518 522 520 516.
513 517 519 515.
515 519 518 514.
514 518 516 512.
509 513 515 511.
511 515 514 510.
510 514 512 508.
505 509 511 507.
507 511 510 506.
506 510 508 504.
501 505 507 503.
503 507 506 502.
502 506 504 500.
497 501 503 499.
499 503 502 498.
498 502 500 496.
489 497 499 491.
491 499 498 490.
490 498 496 488.
492 489 491 494.
494 491 490 495.
495 490 488 493.
496 512 528.
297 177 185.
185 193 201.
201 209 233.
209 217 233.
217 225 233.
233 241 265.
241 249 265.
249 257 265.
265 273 281.
281 289 297.
297 185 201.
265 281 233.
281 297 233.
544 548 496.
548 493 496.
493 488 496.
496 500 512.
500 504 512.
504 508 512.
512 516 520.
520 524 528.
528 532 536.
536 540 528.
540 544 528.
512 520 528.
544 496 528.
590 591 607 606.
568 570 586 584.
554 555 571 570.
562 563 579 578.
555 556 572 571.
563 564 580 579.
556 557 573 572.
564 565 581 580.
557 558 574 573.
565 566 582 581.
558 559 575 574.
566 567 583 582.
559 560 576 575.
553 552 568 569.
567 553 569 583.
560 561 577 576.
552 554 570 568.
561 562 578 577.
577 578 594 593.
570 571 587 586.
578 579 595 594.
571 572 588 587.
579 580 596 595.
572 573 589 588.
580 581 597 596.
573 574 590 589.
581 582 598 597.
574 575 591 590.
582 583 599 598.
575 576 592 591.
569 568 584 585.
583 569 585 599.
576 577 593 592.
611 612 628 627.
598 599 615 614.
591 592 608 607.
585 584 600 601.
599 585 601 615.
592 593 609 608.
584 586 602 600.
593 594 610 609.
586 587 603 602.
594 595 611 610.
587 588 604 603.
595 596 612 611.
588 589 605 604.
596 597 613 612.
589 590 606 605.
597 598 614 613.
625 626 704 700.
604 605 621 620.
612 613 629 628.
605 606 622 621.
613 614 630 629.
606 607 623 622.
614 615 631 630.
607 608 624 623.
601 600 616 617.
615 601 617 631.
608 609 625 624.
600 602 618 616.
609 610 626 625.
602 603 619 618.
610 611 627 626.
603 604 620 619.
616 618 672 664.
631 617 669 724.
626 627 708 704.
619 620 680 676.
627 628 712 708.
620 621 684 680.
628 629 716 712.
621 622 688 684.
629 630 720 716.
622 623 692 688.
630 631 724 720.
623 624 696 692.
624 625 700 696.
668 681 697.
618 619 676 672.
555 554 634 635.
563 562 642 643.
556 555 635 636.
564 563 643 644.
557 556 636 637.
565 564 644 645.
558 557 637 638.
566 565 645 646.
559 558 638 639.
567 566 646 647.
560 559 639 640.
552 553 633 632.
553 567 647 633.
561 560 640 641.
554 552 632 634.
562 561 641 642.
636 635 651 652.
644 643 659 660.
637 636 652 653.
645 644 660 661.
638 637 653 654.
646 645 661 662.
639 638 654 655.
647 646 662 663.
640 639 655 656.
632 633 649 648.
633 647 663 649.
641 640 656 657.
634 632 648 650.
642 641 657 658.
635 634 650 651.
643 642 658 659.
652 650 658.
665 668 670 667.
667 670 671 666.
666 671 669 664.
673 665 667 675.
675 667 666 674.
674 666 664 672.
677 673 675 679.
679 675 674 678.
678 674 672 676.
681 677 679 683.
683 679 678 682.
682 678 676 680.
685 681 683 687.
687 683 682 686.
686 682 680 684.
689 685 687 691.
691 687 686 690.
690 686 684 688.
693 689 691 695.
695 691 690 694.
694 690 688 692.
697 693 695 699.
699 695 694 698.
698 694 692 696.
701 697 699 703.
703 699 698 702.
702 698 696 700.
705 701 703 707.
707 703 702 706.
706 702 700 704.
709 705 707 711.
711 707 706 710.
710 706 704 708.
713 709 711 715.
715 711 710 714.
714 710 708 712.
717 713 715 719.
719 715 714 718.
718 714 712 716.
721 717 719 723.
723 719 718 722.
722 718 716 720.
725 721 723 727.
727 723 722 726.
726 722 720 724.
668 725 727 670.
670 727 726 671.
671 726 724 669.
617 616 664 669.
773 776 777 774.
774 777 778 775.
776 779 780 777.
777 780 781 778.
736 755 773 772.
772 773 774 771.
771 774 775 770.
770 775 743 735.
775 778 744 743.
778 781 745 744.
781 752 731 745.
780 753 752 781.
779 754 753 780.
757 733 754 779.
756 757 779 776.
755 756 776 773.
782 785 786 783.
783 786 787 784.
785 788 789 786.
786 789 790 787.
734 760 782 769.
769 782 783 768.
768 783 784 767.
767 784 755 736.
784 787 756 755.
787 790 757 756.
790 746 733 757.
789 747 746 790.
788 748 747 789.
758 730 748 788.
759 758 788 785.
760 759 785 782.
791 794 795 792.
792 795 796 793.
794 797 798 795.
795 798 799 796.
728 739 791 749.
749 791 792 750.
750 792 793 751.
751 793 764 732.
793 796 765 764.
796 799 766 765.
799 767 736 766.
798 768 767 799.
797 769 768 798.
737 734 769 797.
738 737 797 794.
739 738 794 791.
800 803 804 801.
801 804 805 802.
803 806 807 804.
804 807 808 805.
732 764 800 740.
740 800 801 741.
741 801 802 742.
742 802 761 729.
802 805 762 761.
805 808 763 762.
808 770 735 763.
807 771 770 808.
806 772 771 807.
766 736 772 806.
765 766 806 803.
764 765 803 800.
854 855 858 857.
855 856 859 858.
857 858 861 860.
858 859 862 861.
817 853 854 836.
853 852 855 854.
852 851 856 855.
851 816 824 856.
856 824 825 859.
859 825 826 862.
862 826 812 833.
861 862 833 834.
860 861 834 835.
838 860 835 814.
837 857 860 838.
836 854 857 837.
863 864 867 866.
864 865 868 867.
866 867 870 869.
867 868 871 870.
815 850 863 841.
850 849 864 863.
849 848 865 864.
848 817 836 865.
865 836 837 868.
868 837 838 871.
871 838 814 827.
870 871 827 828.
869 870 828 829.
839 869 829 811.
840 866 869 839.
841 863 866 840.
872 873 876 875.
873 874 877 876.
875 876 879 878.
876 877 880 879.
809 830 872 820.
830 831 873 872.
831 832 874 873.
832 813 845 874.
874 845 846 877.
877 846 847 880.
880 847 817 848.
879 880 848 849.
878 879 849 850.
818 878 850 815.
819 875 878 818.
820 872 875 819.
881 882 885 884.
882 883 886 885.
884 885 888 887.
885 886 889 888.
813 821 881 845.
821 822 882 881.
822 823 883 882.
823 810 842 883.
883 842 843 886.
886 843 844 889.
889 844 816 851.
888 889 851 852.
887 888 852 853.
847 887 853 817.
846 884 887 847.
845 881 884 846.
754 733 814 835.
744 745 826 825.
745 731 812 826.
733 746 827 814.
746 747 828 827.
747 748 829 828.
730 758 839 811.
748 730 811 829.
728 749 830 809.
739 728 809 820.
749 750 831 830.
732 740 821 813.
750 751 832 831.
740 741 822 821.
729 761 842 810.
751 732 813 832.
741 742 823 822.
761 762 843 842.
731 752 833 812.
742 729 810 823.
762 763 844 843.
752 753 834 833.
735 743 824 816.
763 735 816 844.
753 754 835 834.
743 744 825 824.
935 938 939 936.
936 939 940 937.
938 941 942 939.
939 942 943 940.
898 917 935 934.
934 935 936 933.
933 936 937 932.
932 937 905 897.
937 940 906 905.
940 943 907 906.
943 914 893 907.
942 915 914 943.
941 916 915 942.
919 895 916 941.
918 919 941 938.
917 918 938 935.
944 947 948 945.
945 948 949 946.
947 950 951 948.
948 951 952 949.
896 922 944 931.
931 944 945 930.
930 945 946 929.
929 946 917 898.
946 949 918 917.
949 952 919 918.
952 908 895 919.
951 909 908 952.
950 910 909 951.
920 892 910 950.
921 920 950 947.
922 921 947 944.
953 956 957 954.
954 957 958 955.
956 959 960 957.
957 960 961 958.
890 901 953 911.
911 953 954 912.
912 954 955 913.
913 955 926 894.
955 958 927 926.
958 961 928 927.
961 929 898 928.
960 930 929 961.
959 931 930 960.
899 896 931 959.
900 899 959 956.
901 900 956 953.
962 965 966 963.
963 966 967 964.
965 968 969 966.
966 969 970 967.
894 926 962 902.
902 962 963 903.
903 963 964 904.
904 964 923 891.
964 967 924 923.
967 970 925 924.
970 932 897 925.
969 933 932 970.
968 934 933 969.
928 898 934 968.
927 928 968 965.
926 927 965 962.
1016 1017 1020 1019.
1017 1018 1021 1020.
1019 1020 1023 1022.
1020 1021 1024 1023.
979 1015 1016 998.
1015 1014 1017 1016.
1014 1013 1018 1017.
1013 978 986 1018.
1018 986 987 1021.
1021 987 988 1024.
1024 988 974 995.
1023 1024 995 996.
1022 1023 996 997.
1000 1022 997 976.
999 1019 1022 1000.
998 1016 1019 999.
1025 1026 1029 1028.
1026 1027 1030 1029.
1028 1029 1032 1031.
1029 1030 1033 1032.
977 1012 1025 1003.
1012 1011 1026 1025.
1011 1010 1027 1026.
1010 979 998 1027.
1027 998 999 1030.
1030 999 1000 1033.
1033 1000 976 989.
1032 1033 989 990.
1031 1032 990 991.
1001 1031 991 973.
1002 1028 1031 1001.
1003 1025 1028 1002.
1034 1035 1038 1037.
1035 1036 1039 1038.
1037 1038 1041 1040.
1038 1039 1042 1041.
971 992 1034 982.
992 993 1035 1034.
993 994 1036 1035.
994 975 1007 1036.
1036 1007 1008 1039.
1039 1008 1009 1042.
1042 1009 979 1010.
1041 1042 1010 1011.
1040 1041 1011 1012.
980 1040 1012 977.
981 1037 1040 980.
982 1034 1037 981.
1043 1044 1047 1046.
1044 1045 1048 1047.
1046 1047 1050 1049.
1047 1048 1051 1050.
975 983 1043 1007.
983 984 1044 1043.
984 985 1045 1044.
985 972 1004 1045.
1045 1004 1005 1048.
1048 1005 1006 1051.
1051 1006 978 1013.
1050 1051 1013 1014.
1049 1050 1014 1015.
1009 1049 1015 979.
1008 1046 1049 1009.
1007 1043 1046 1008.
916 895 976 997.
906 907 988 987.
907 893 974 988.
895 908 989 976.
908 909 990 989.
909 910 991 990.
892 920 1001 973.
910 892 973 991.
890 911 992 971.
901 890 971 982.
911 912 993 992.
894 902 983 975.
912 913 994 993.
902 903 984 983.
891 923 1004 972.
913 894 975 994.
903 904 985 984.
923 924 1005 1004.
893 914 995 974.
904 891 972 985.
924 925 1006 1005.
914 915 996 995.
897 905 986 978.
925 897 978 1006.
915 916 997 996.
905 906 987 986.
1097 1100 1101 1098.
1098 1101 1102 1099.
1100 1103 1104 1101.
1101 1104 1105 1102.
1060 1079 1097 1096.
1096 1097 1098 1095.
1095 1098 1099 1094.
1094 1099 1067 1059.
1099 1102 1068 1067.
1102 1105 1069 1068.
1105 1076 1055 1069.
1104 1077 1076 1105.
1103 1078 1077 1104.
1081 1057 1078 1103.
1080 1081 1103 1100.
1079 1080 1100 1097.
1106 1109 1110 1107.
1107 1110 1111 1108.
1109 1112 1113 1110.
1110 1113 1114 1111.
1058 1084 1106 1093.
1093 1106 1107 1092.
1092 1107 1108 1091.
1091 1108 1079 1060.
1108 1111 1080 1079.
1111 1114 1081 1080.
1114 1070 1057 1081.
1113 1071 1070 1114.
1112 1072 1071 1113.
1082 1054 1072 1112.
1083 1082 1112 1109.
1084 1083 1109 1106.
1115 1118 1119 1116.
1116 1119 1120 1117.
1118 1121 1122 1119.
1119 1122 1123 1120.
1052 1063 1115 1073.
1073 1115 1116 1074.
1074 1116 1117 1075.
1075 1117 1088 1056.
1117 1120 1089 1088.
1120 1123 1090 1089.
1123 1091 1060 1090.
1122 1092 1091 1123.
1121 1093 1092 1122.
1061 1058 1093 1121.
1062 1061 1121 1118.
1063 1062 1118 1115.
1124 1127 1128 1125.
1125 1128 1129 1126.
1127 1130 1131 1128.
1128 1131 1132 1129.
1056 1088 1124 1064.
1064 1124 1125 1065.
1065 1125 1126 1066.
1066 1126 1085 1053.
1126 1129 1086 1085.
1129 1132 1087 1086.
1132 1094 1059 1087.
1131 1095 1094 1132.
1130 1096 1095 1131.
1090 1060 1096 1130.
1089 1090 1130 1127.
1088 1089 1127 1124.
1178 1179 1182 1181.
1179 1180 1183 1182.
1181 1182 1185 1184.
1182 1183 1186 1185.
1141 1177 1178 1160.
1177 1176 1179 1178.
1176 1175 1180 1179.
1175 1140 1148 1180.
1180 1148 1149 1183.
1183 1149 1150 1186.
1186 1150 1136 1157.
1185 1186 1157 1158.
1184 1185 1158 1159.
1162 1184 1159 1138.
1161 1181 1184 1162.
1160 1178 1181 1161.
1187 1188 1191 1190.
1188 1189 1192 1191.
1190 1191 1194 1193.
1191 1192 1195 1194.
1139 1174 1187 1165.
1174 1173 1188 1187.
1173 1172 1189 1188.
1172 1141 1160 1189.
1189 1160 1161 1192.
1192 1161 1162 1195.
1195 1162 1138 1151.
1194 1195 1151 1152.
1193 1194 1152 1153.
1163 1193 1153 1135.
1164 1190 1193 1163.
1165 1187 1190 1164.
1196 1197 1200 1199.
1197 1198 1201 1200.
1199 1200 1203 1202.
1200 1201 1204 1203.
1133 1154 1196 1144.
1154 1155 1197 1196.
1155 1156 1198 1197.
1156 1137 1169 1198.
1198 1169 1170 1201.
1201 1170 1171 1204.
1204 1171 1141 1172.
1203 1204 1172 1173.
1202 1203 1173 1174.
1142 1202 1174 1139.
1143 1199 1202 1142.
1144 1196 1199 1143.
1205 1206 1209 1208.
1206 1207 1210 1209.
1208 1209 1212 1211.
1209 1210 1213 1212.
1137 1145 1205 1169.
1145 1146 1206 1205.
1146 1147 1207 1206.
1147 1134 1166 1207.
1207 1166 1167 1210.
1210 1167 1168 1213.
1213 1168 1140 1175.
1212 1213 1175 1176.
1211 1212 1176 1177.
1171 1211 1177 1141.
1170 1208 1211 1171.
1169 1205 1208 1170.
1078 1057 1138 1159.
1068 1069 1150 1149.
1069 1055 1136 1150.
1057 1070 1151 1138.
1070 1071 1152 1151.
1071 1072 1153 1152.
1054 1082 1163 1135.
1072 1054 1135 1153.
1052 1073 1154 1133.
1063 1052 1133 1144.
1073 1074 1155 1154.
1056 1064 1145 1137.
1074 1075 1156 1155.
1064 1065 1146 1145.
1053 1085 1166 1134.
1075 1056 1137 1156.
1065 1066 1147 1146.
1085 1086 1167 1166.
1055 1076 1157 1136.
1066 1053 1134 1147.
1086 1087 1168 1167.
1076 1077 1158 1157.
1059 1067 1148 1140.
1087 1059 1140 1168.
1077 1078 1159 1158.
1067 1068 1149 1148.
1259 1262 1263 1260.
1260 1263 1264 1261.
1262 1265 1266 1263.
1263 1266 1267 1264.
1222 1241 1259 1258.
1258 1259 1260 1257.
1257 1260 1261 1256.
1256 1261 1229 1221.
1261 1264 1230 1229.
1264 1267 1231 1230.
1267 1238 1217 1231.
1266 1239 1238 1267.
1265 1240 1239 1266.
1243 1219 1240 1265.
1242 1243 1265 1262.
1241 1242 1262 1259.
1268 1271 1272 1269.
1269 1272 1273 1270.
1271 1274 1275 1272.
1272 1275 1276 1273.
1220 1246 1268 1255.
1255 1268 1269 1254.
1254 1269 1270 1253.
1253 1270 1241 1222.
1270 1273 1242 1241.
1273 1276 1243 1242.
1276 1232 1219 1243.
1275 1233 1232 1276.
1274 1234 1233 1275.
1244 1216 1234 1274.
1245 1244 1274 1271.
1246 1245 1271 1268.
1277 1280 1281 1278.
1278 1281 1282 1279.
1280 1283 1284 1281.
1281 1284 1285 1282.
1214 1225 1277 1235.
1235 1277 1278 1236.
1236 1278 1279 1237.
1237 1279 1250 1218.
1279 1282 1251 1250.
1282 1285 1252 1251.
1285 1253 1222 1252.
1284 1254 1253 1285.
1283 1255 1254 1284.
1223 1220 1255 1283.
1224 1223 1283 1280.
1225 1224 1280 1277.
1286 1289 1290 1287.
1287 1290 1291 1288.
1289 1292 1293 1290.
1290 1293 1294 1291.
1218 1250 1286 1226.
1226 1286 1287 1227.
1227 1287 1288 1228.
1228 1288 1247 1215.
1288 1291 1248 1247.
1291 1294 1249 1248.
1294 1256 1221 1249.
1293 1257 1256 1294.
1292 1258 1257 1293.
1252 1222 1258 1292.
1251 1252 1292 1289.
1250 1251 1289 1286.
1340 1341 1344 1343.
1341 1342 1345 1344.
1343 1344 1347 1346.
1344 1345 1348 1347.
1303 1339 1340 1322.
1339 1338 1341 1340.
1338 1337 1342 1341.
1337 1302 1310 1342.
1342 1310 1311 1345.
1345 1311 1312 1348.
1348 1312 1298 1319.
1347 1348 1319 1320.
1346 1347 1320 1321.
1324 1346 1321 1300.
1323 1343 1346 1324.
1322 1340 1343 1323.
1349 1350 1353 1352.
1350 1351 1354 1353.
1352 1353 1356 1355.
1353 1354 1357 1356.
1301 1336 1349 1327.
1336 1335 1350 1349.
1335 1334 1351 1350.
1334 1303 1322 1351.
1351 1322 1323 1354.
1354 1323 1324 1357.
1357 1324 1300 1313.
1356 1357 1313 1314.
1355 1356 1314 1315.
1325 1355 1315 1297.
1326 1352 1355 1325.
1327 1349 1352 1326.
1358 1359 1362 1361.
1359 1360 1363 1362.
1361 1362 1365 1364.
1362 1363 1366 1365.
1295 1316 1358 1306.
1316 1317 1359 1358.
1317 1318 1360 1359.
1318 1299 1331 1360.
1360 1331 1332 1363.
1363 1332 1333 1366.
1366 1333 1303 1334.
1365 1366 1334 1335.
1364 1365 1335 1336.
1304 1364 1336 1301.
1305 1361 1364 1304.
1306 1358 1361 1305.
1367 1368 1371 1370.
1368 1369 1372 1371.
1370 1371 1374 1373.
1371 1372 1375 1374.
1299 1307 1367 1331.
1307 1308 1368 1367.
1308 1309 1369 1368.
1309 1296 1328 1369.
1369 1328 1329 1372.
1372 1329 1330 1375.
1375 1330 1302 1337.
1374 1375 1337 1338.
1373 1374 1338 1339.
1333 1373 1339 1303.
1332 1370 1373 1333.
1331 1367 1370 1332.
1240 1219 1300 1321.
1230 1231 1312 1311.
1231 1217 1298 1312.
1219 1232 1313 1300.
1232 1233 1314 1313.
1233 1234 1315 1314.
1216 1244 1325 1297.
1234 1216 1297 1315.
1214 1235 1316 1295.
1225 1214 1295 1306.
1235 1236 1317 1316.
1218 1226 1307 1299.
1236 1237 1318 1317.
1226 1227 1308 1307.
1215 1247 1328 1296.
1237 1218 1299 1318.
1227 1228 1309 1308.
1247 1248 1329 1328.
1217 1238 1319 1298.
1228 1215 1296 1309.
1248 1249 1330 1329.
1238 1239 1320 1319.
1221 1229 1310 1302.
1249 1221 1302 1330.
1239 1240 1321 1320.
1229 1230 1311 1310.
1376 1378 1396 1392.
1385 1386 1412 1410.
1391 1377 1395 1422.
1386 1387 1414 1412.
1379 1380 1400 1398.
1387 1388 1416 1414.
1380 1381 1402 1400.
1388 1389 1418 1416.
1381 1382 1404 1402.
1389 1390 1420 1418.
1382 1383 1406 1404.
1390 1391 1422 1420.
1383 1384 1408 1406.
1384 1385 1410 1408.
1411 1413 1424.
1378 1379 1398 1396.
1393 1394 1395 1392.
1397 1393 1392 1396.
1399 1397 1396 1398.
1401 1399 1398 1400.
1403 1401 1400 1402.
1405 1403 1402 1404.
1407 1405 1404 1406.
1409 1407 1406 1408.
1411 1409 1408 1410.
1413 1411 1410 1412.
1415 1413 1412 1414.
1417 1415 1414 1416.
1419 1417 1416 1418.
1421 1419 1418 1420.
1423 1421 1420 1422.
1394 1423 1422 1395.
1377 1376 1392 1395.
668 665 673.
673 677 668.
677 681 668.
681 685 689.
689 693 681.
693 697 681.
697 701 705.
705 709 713.
713 717 668.
717 721 668.
721 725 668.
697 705 668.
705 713 668.
650 648 649.
649 663 662.
662 661 660.
660 659 662.
659 658 662.
658 657 656.
656 655 658.
655 654 658.
654 653 652.
652 651 650.
650 649 658.
649 662 658.
654 652 658.
1415 1417 1424.
1419 1421 1424.
1397 1399 1424.
1409 1411 1424.
1413 1415 1424.
1403 1405 1424.
1401 1403 1424.
1399 1401 1424.
1394 1393 1424.
1393 1397 1424.
1407 1409 1424.
1405 1407 1424.
1417 1419 1424.
1421 1423 1424.
1423 1394 1424.
1429 1430 1452 1442.
1436 1437 1464 1462.
1432 1433 1456 1454.
1439 1440 1468 1467.
1435 1436 1462 1460.
1426 1425 1446 1447.
1431 1432 1454 1453.
1438 1439 1467 1466.
1427 1426 1447 1449.
1434 1435 1460 1458.
1425 1428 1443 1446.
1430 1431 1453 1452.
1437 1438 1466 1464.
1433 1434 1458 1456.
1428 1429 1442 1443.
1440 1427 1449 1468.
1469 1470 1467 1468.
1470 1471 1466 1467.
1471 1472 1464 1466.
1473 1469 1468 1449.
1472 1474 1462 1464.
1474 1475 1460 1462.
1475 1476 1458 1460.
1476 1477 1456 1458.
1477 1478 1454 1456.
1478 1479 1453 1454.
1479 1480 1452 1453.
1480 1481 1442 1452.
1482 1473 1449 1447.
1483 1484 1446 1443.
1484 1482 1447 1446.
1481 1483 1443 1442.
1512 1502 1524 1514.
1485 1486 1470 1469.
1486 1487 1471 1470.
1487 1488 1472 1471.
1489 1485 1469 1473.
1488 1490 1474 1472.
1490 1491 1475 1474.
1491 1492 1476 1475.
1492 1493 1477 1476.
1493 1494 1478 1477.
1494 1495 1479 1478.
1495 1496 1480 1479.
1496 1497 1481 1480.
1498 1489 1473 1482.
1499 1500 1484 1483.
1500 1498 1482 1484.
1497 1499 1483 1481.
1505 1508 1518 1520.
1511 1509 1486 1485.
1509 1465 1487 1486.
1455 1504 1494 1493.
1503 1451 1496 1495.
1441 1444 1499 1497.
1445 1448 1498 1500.
1444 1445 1500 1499.
1448 1450 1489 1498.
1451 1441 1497 1496.
1450 1444 1451.
1501 1506 1519 1522.
1463 1465 1457.
1457 1455 1493 1492.
1459 1457 1492 1491.
1461 1459 1491 1490.
1463 1461 1490 1488.
1515 1523 1521 1517.
1465 1463 1488 1487.
1450 1511 1485 1489.
1507 1510 1513 1516.
1501 1502 1503.
1504 1505 1506.
1507 1508 1509.
1510 1511 1512.
1513 1514 1515.
1516 1517 1518.
1519 1520 1521.
1522 1523 1524.
1510 1507 1509 1511.
1506 1501 1503 1504.
1504 1509 1508 1505.
1511 1503 1502 1512.
1515 1517 1516 1513.
1521 1523 1522 1519.
1520 1518 1517 1521.
1514 1524 1523 1515.
1507 1516 1518 1508.
1519 1506 1505 1520.
1512 1514 1513 1510.
1501 1522 1524 1502.
1504 1503 1495 1494.
1511 1450 1451.
1450 1448 1444.
1448 1445 1444.
1444 1441 1451.
1451 1503 1511.
1465 1509 1504.
1504 1455 1465.
1455 1457 1465.
1457 1459 1461.
1461 1463 1457.
1529 1530 1552 1542.
1536 1537 1564 1562.
1532 1533 1556 1554.
1539 1540 1568 1567.
1535 1536 1562 1560.
1526 1525 1546 1547.
1531 1532 1554 1553.
1538 1539 1567 1566.
1527 1526 1547 1549.
1534 1535 1560 1558.
1525 1528 1543 1546.
1530 1531 1553 1552.
1537 1538 1566 1564.
1533 1534 1558 1556.
1528 1529 1542 1543.
1540 1527 1549 1568.
1569 1570 1567 1568.
1570 1571 1566 1567.
1571 1572 1564 1566.
1573 1569 1568 1549.
1572 1574 1562 1564.
1574 1575 1560 1562.
1575 1576 1558 1560.
1576 1577 1556 1558.
1577 1578 1554 1556.
1578 1579 1553 1554.
1579 1580 1552 1553.
1580 1581 1542 1552.
1582 1573 1549 1547.
1583 1584 1546 1543.
1584 1582 1547 1546.
1581 1583 1543 1542.
1612 1602 1624 1614.
1585 1586 1570 1569.
1586 1587 1571 1570.
1587 1588 1572 1571.
1589 1585 1569 1573.
1588 1590 1574 1572.
1590 1591 1575 1574.
1591 1592 1576 1575.
1592 1593 1577 1576.
1593 1594 1578 1577.
1594 1595 1579 1578.
1595 1596 1580 1579.
1596 1597 1581 1580.
1598 1589 1573 1582.
1599 1600 1584 1583.
1600 1598 1582 1584.
1597 1599 1583 1581.
1605 1608 1618 1620.
1611 1609 1586 1585.
1609 1565 1587 1586.
1555 1604 1594 1593.
1603 1551 1596 1595.
1541 1544 1599 1597.
1545 1548 1598 1600.
1544 1545 1600 1599.
1548 1550 1589 1598.
1551 1541 1597 1596.
1550 1544 1551.
1601 1606 1619 1622.
1563 1565 1557.
1557 1555 1593 1592.
1559 1557 1592 1591.
1561 1559 1591 1590.
1563 1561 1590 1588.
1615 1623 1621 1617.
1565 1563 1588 1587.
1550 1611 1585 1589.
1607 1610 1613 1616.
1601 1602 1603.
1604 1605 1606.
1607 1608 1609.
1610 1611 1612.
1613 1614 1615.
1616 1617 1618.
1619 1620 1621.
1622 1623 1624.
1610 1607 1609 1611.
1606 1601 1603 1604.
1604 1609 1608 1605.
1611 1603 1602 1612.
1615 1617 1616 1613.
1621 1623 1622 1619.
1620 1618 1617 1621.
1614 1624 1623 1615.
1607 1616 1618 1608.
1619 1606 1605 1620.
1612 1614 1613 1610.
1601 1622 1624 1602.
1604 1603 1595 1594.
1611 1550 1551.
1550 1548 1544.
1548 1545 1544.
1544 1541 1551.
1551 1603 1611.
1565 1609 1604.
1604 1555 1565.
1555 1557 1565.
1557 1559 1561.
1561 1563 1557.
1625 1626 1628 1627.
1627 1628 1632 1631.
1631 1632 1630 1629.
1629 1630 1626 1625.
1627 1631 1629 1625.
1632 1628 1626 1630.
